conv 37 152.057 14.540
conv 31 416.322 10.000
conv 62 -564.762 10.000
conv 19 6.965 10.000
conv 52 -4.701 10.000
linear 75 0.551 10.000
linear 57 0.060 10.000
linear 46 5.360 0.000

conv 48 150.778 14.510
conv 33 -95.851 9.670
conv 46 -51.243 10.000
conv 54 6.467 10.000
conv 34 -2.772 10.000
linear 62 -0.942 10.000
linear 56 0.059 10.000
linear 17 4.723 0.000

conv 32 128.091 14.530
conv 38 396.604 10.000
conv 3 -520.592 10.000
conv 36 6.843 10.000
conv 26 -4.778 10.000
linear 49 0.229 10.000
linear 39 0.060 10.000
linear 21 5.337 0.000

conv 43 153.869 14.550
conv 40 113.373 9.570
conv 47 -263.496 10.000
conv 7 6.949 10.000
conv 47 -4.922 10.000
linear 63 0.632 10.000
linear 26 0.062 10.000
linear 26 4.082 0.000

conv 43 138.369 14.550
conv 8 -89.323 9.710
conv 9 -45.486 10.000
conv 54 7.007 10.000
conv 71 -4.610 10.000
linear 55 0.457 10.000
linear 36 0.060 10.000
linear 6 4.868 0.000

conv 77 134.697 14.510
conv 70 -91.279 9.700
conv 11 -39.605 10.000
conv 79 7.092 10.000
conv 15 2.764 10.000
linear 75 -7.265 10.000
linear 74 0.059 10.000
linear 24 5.935 10.000

conv 22 149.661 14.640
conv 32 326.316 9.710
conv 25 3335.299 9.470
conv 56 -3800.744 10.000
conv 38 -4.616 10.000
linear 51 0.475 10.000
linear 27 0.061 10.000
linear 50 5.035 0.000

conv 45 126.336 14.500
conv 20 644.169 9.530
conv 60 2207.680 9.610
conv 65 -2967.713 10.000
conv 58 -4.772 10.000
linear 66 0.706 10.000
linear 6 0.062 10.000
linear 27 5.169 0.000

conv 76 152.328 14.510
conv 54 -105.988 9.710
conv 44 -42.448 10.000
conv 13 7.047 10.000
conv 54 -4.966 10.000
linear 75 0.449 10.000
linear 47 0.061 10.000
linear 31 6.341 0.000

conv 11 157.840 14.530
conv 4 4400.751 10.000
conv 78 -4554.531 10.000
conv 15 7.163 10.000
conv 75 -5.022 10.000
linear 70 0.184 10.000
linear 48 0.060 10.000
linear 79 5.655 0.000

conv 20 131.563 14.500
conv 9 -83.917 9.710
conv 10 4423.926 9.610
conv 56 -4460.128 10.000
conv 51 -5.368 10.000
linear 63 0.291 10.000
linear 71 0.062 10.000
linear 6 4.316 0.000

conv 55 154.881 14.520
conv 66 -104.225 9.700
conv 77 -46.460 10.000
conv 18 6.627 10.000
conv 1 -4.918 10.000
linear 72 0.517 10.000
linear 40 0.059 10.000
linear 25 5.714 0.000

conv 7 176.552 14.550
conv 11 2076.194 10.000
conv 24 16801.154 1.180
conv 56 627498.281 0.240
conv 79 -646545.615 12.180
linear 45 -0.159 10.000
linear 47 0.058 10.000
linear 67 4.153 0.000

conv 61 145.291 14.500
conv 74 -98.970 9.700
conv 79 -42.604 10.000
conv 38 7.194 10.000
conv 59 -4.779 10.000
linear 53 0.261 10.000
linear 20 0.060 10.000
linear 46 5.297 0.000

conv 60 134.905 14.500
conv 27 -86.946 9.710
conv 47 -44.456 10.000
conv 64 6.694 10.000
conv 1 -4.682 10.000
linear 46 0.871 10.000
linear 24 0.061 10.000
linear 69 4.707 10.000

conv 76 143.228 14.510
conv 15 -90.873 9.710
conv 2 11747.642 9.520
conv 43 -11789.735 10.000
conv 2 -4.387 10.000
linear 28 0.539 10.000
linear 62 0.062 10.000
linear 49 6.232 10.000

conv 1 149.894 14.540
conv 67 -99.853 9.700
conv 52 -46.438 10.000
conv 47 6.655 10.000
conv 65 -4.800 10.000
linear 79 0.935 10.000
linear 67 0.062 10.000
linear 70 5.800 0.000

conv 30 134.390 14.480
conv 19 152.092 11.830
conv 66 -283.061 10.000
conv 53 7.135 10.000
conv 56 -4.693 10.000
linear 77 0.568 10.000
linear 55 0.062 10.000
linear 24 5.911 10.000

conv 32 136.849 14.530
conv 51 12.648 9.990
conv 31 -145.646 10.000
conv 21 7.192 10.000
conv 70 -5.074 10.000
linear 24 0.445 10.000
linear 48 0.059 10.000
linear 4 6.019 0.000

conv 41 149.641 14.500
conv 5 956.250 8.690
conv 43 -1101.955 11.430
conv 73 6.697 10.000
conv 28 -4.365 10.000
linear 52 0.129 10.000
linear 67 0.061 10.000
linear 7 5.343 0.000

conv 71 133.974 14.520
conv 40 81.054 9.550
conv 16 -211.256 10.000
conv 21 7.337 10.000
conv 46 -4.964 10.000
linear 11 0.257 10.000
linear 64 0.060 10.000
linear 15 5.481 0.000

conv 3 160.041 14.100
conv 5 1114.125 8.690
conv 57 -1270.303 10.000
conv 0 6.344 10.000
conv 8 -4.800 10.000
linear 36 1.007 10.000
linear 60 0.062 10.000
linear 29 5.259 10.000

conv 37 151.729 14.540
conv 67 -97.849 9.710
conv 8 -50.246 10.000
conv 70 6.403 10.000
conv 34 -2.927 10.000
linear 59 -0.693 10.000
linear 37 0.062 10.000
linear 36 4.887 0.000

conv 71 161.672 14.520
conv 79 -110.039 9.710
conv 78 -48.093 10.000
conv 3 5.756 10.000
conv 69 -4.040 10.000
linear 42 1.161 10.000
linear 78 0.060 10.000
linear 73 4.707 0.000

conv 25 150.439 14.450
conv 76 -88.307 9.660
conv 5 -58.589 10.000
conv 48 6.406 10.000
conv 14 2.737 10.000
linear 24 -6.288 10.000
linear 4 0.062 10.000
linear 69 5.303 10.000

conv 6 149.481 14.430
conv 39 -61.611 10.860
conv 36 -84.192 10.000
conv 34 7.053 10.000
conv 67 -4.983 10.000
linear 1 0.639 10.000
linear 55 0.062 10.000
linear 9 5.773 0.000

conv 12 133.861 14.700
conv 32 287.788 9.700
conv 56 -417.792 10.000
conv 0 6.538 10.000
conv 11 -4.984 10.000
linear 52 1.001 10.000
linear 48 0.061 10.000
linear 3 4.156 0.000

conv 3 167.280 14.100
conv 39 -86.334 10.820
conv 22 -76.999 10.000
conv 2 6.755 10.000
conv 69 -5.054 10.000
linear 46 0.752 10.000
linear 31 0.061 10.000
linear 76 5.367 0.000

conv 64 143.974 14.480
conv 3 532.263 10.090
conv 37 -672.504 10.000
conv 63 6.970 10.000
conv 25 -0.682 10.000
linear 55 -3.625 10.000
linear 27 0.061 10.000
linear 57 5.281 0.000

conv 33 139.882 14.510
conv 15 -95.264 9.700
conv 42 -40.846 10.000
conv 3 7.093 10.000
conv 46 -5.107 10.000
linear 24 0.634 10.000
linear 79 0.063 10.000
linear 69 6.372 10.000

