conv 34 337.388 1.050
conv 65 -28.731 1.010
conv 13 -0.256 1.010
conv 56 -82.787 1.050
conv 63 -5.378 0.900
conv 3 -4.417 1.110
conv 37 -1.954 1.040
conv 31 -62.707 0.990
conv 15 -0.060 0.880
conv 49 -133.420 1.000
conv 7 -1.517 1.000
conv 53 1.074 1.000
conv 69 2.914 1.000
conv 45 -3.063 1.000
conv 8 -5.180 1.000
conv 75 0.255 1.000
conv 23 -2.480 1.000
conv 59 -0.535 1.000
conv 62 -0.012 1.000
conv 15 1.544 1.000
conv 36 -1.728 1.000
conv 39 2.442 1.000
conv 9 -1.570 1.000
conv 8 2.927 1.000
conv 27 -2.469 1.000
conv 21 -2.121 1.000
conv 22 1.005 1.000
conv 10 0.896 1.000
conv 52 0.049 1.000
conv 77 1.936 1.000
conv 56 -3.528 1.000
conv 6 2.184 1.000
conv 54 -2.743 1.000
conv 17 1.016 1.000
conv 37 -0.385 1.000
conv 10 1.691 1.000
linear 64 4.769 1.000

conv 29 333.312 1.050
conv 28 -27.682 1.020
conv 79 -0.245 0.970
conv 5 -73.528 1.000
conv 28 -11.497 0.920
conv 46 -1.135 1.070
conv 69 -0.473 0.980
conv 11 -66.301 1.000
conv 1 -0.683 1.000
conv 71 -137.489 1.000
conv 55 -3.997 1.000
conv 69 2.311 1.000
conv 54 -0.296 1.000
conv 73 -0.171 1.000
conv 55 -1.452 1.000
conv 56 3.241 1.000
conv 1 -4.664 1.000
conv 58 2.393 1.000
conv 48 -1.776 1.000
conv 77 0.304 1.000
conv 25 -0.885 1.000
conv 66 3.514 1.000
conv 45 -2.835 1.000
conv 57 2.826 1.000
conv 56 -2.592 1.000
conv 2 -0.479 1.000
conv 24 1.139 1.000
conv 43 -0.426 1.000
conv 9 0.529 1.000
conv 78 1.131 1.000
conv 61 -3.364 1.000
conv 6 2.466 1.000
conv 16 -3.070 1.000
conv 25 1.110 1.000
conv 32 -0.696 1.000
conv 36 1.989 1.000
linear 48 9.757 0.000

conv 52 343.588 1.030
conv 71 -27.895 1.000
conv 68 -0.124 1.030
conv 37 -85.763 1.050
conv 60 -5.007 0.920
conv 62 -1.429 1.090
conv 4 -0.615 1.120
conv 59 -67.406 0.880
conv 13 -0.426 1.020
conv 29 -143.062 1.000
conv 34 1.321 1.000
conv 16 1.107 1.000
conv 43 -0.628 1.000
conv 28 -1.880 1.000
conv 63 -0.057 1.000
conv 65 -0.127 1.000
conv 64 -3.095 1.000
conv 28 2.994 1.000
conv 18 -2.303 1.000
conv 6 16.094 0.000
conv 18 -14.876 1.000
conv 66 0.893 1.000
conv 76 -1.839 1.000
conv 54 2.170 1.000
conv 72 -2.243 1.000
conv 65 -0.514 1.000
conv 49 1.503 1.000
conv 71 1.204 1.000
conv 79 -0.168 1.000
conv 35 -1.213 1.000
conv 35 -1.938 1.000
conv 51 2.139 1.000
conv 41 -2.707 1.000
conv 32 0.765 1.000
conv 21 0.093 1.000
conv 2 1.286 1.000
linear 56 5.242 0.000

conv 77 358.523 1.040
conv 60 -29.538 1.000
conv 30 -0.235 1.020
conv 74 -89.456 1.040
conv 65 -4.833 0.960
conv 77 -2.269 1.010
conv 38 -0.476 0.960
conv 78 -70.897 1.000
conv 75 -0.584 1.010
conv 69 -145.016 1.000
conv 35 -2.857 1.000
conv 79 2.964 1.000
conv 50 -0.545 1.000
conv 76 -0.472 1.000
conv 41 -0.781 1.000
conv 8 0.875 1.000
conv 25 1.617 1.000
conv 18 -5.258 1.000
conv 32 2.058 1.000
conv 39 -1.922 1.000
conv 67 5.465 1.000
conv 52 -6.326 1.000
conv 4 1.091 1.000
conv 42 0.362 1.000
conv 3 -1.120 1.000
conv 73 -0.971 1.000
conv 64 1.705 1.000
conv 15 2.645 1.000
conv 49 -0.114 1.000
conv 38 -1.237 1.000
conv 43 -1.821 1.000
conv 42 -0.822 1.000
conv 38 -1.336 1.000
conv 67 0.010 1.000
conv 59 -0.105 1.000
conv 79 1.967 1.000
linear 17 179.740 1.000

conv 56 324.885 1.070
conv 16 -30.303 1.010
conv 20 -0.209 1.010
conv 72 -78.923 1.050
conv 58 -5.309 0.930
conv 14 -1.201 0.990
conv 58 -0.832 1.090
conv 72 -62.688 1.020
conv 41 -0.651 1.000
conv 40 -131.013 1.000
conv 31 -5.177 1.000
conv 78 1.610 1.000
conv 27 70.648 0.000
conv 33 -72.618 1.000
conv 76 0.901 1.000
conv 14 -0.200 1.000
conv 59 2.643 1.000
conv 41 -0.739 1.000
conv 22 -1.881 1.000
conv 30 1.735 1.000
conv 41 -1.628 1.000
conv 15 6.470 1.000
conv 74 -6.548 1.000
conv 5 53.258 1.000
conv 19 -53.476 1.000
conv 38 0.102 1.000
conv 39 0.724 1.000
conv 13 20.888 1.000
conv 28 -15.207 1.000
conv 45 -1.188 1.000
conv 74 -2.017 1.000
conv 67 -1.364 1.000
conv 62 -3.167 1.000
conv 51 1.342 1.000
conv 56 -0.615 1.000
conv 14 2.354 1.000
linear 10 27.977 0.000

conv 7 336.936 1.080
conv 53 -29.822 1.100
conv 29 -0.098 1.070
conv 74 -78.832 1.080
conv 72 -5.213 1.040
conv 37 -4.949 1.120
conv 50 1.740 0.980
conv 54 -70.150 0.890
conv 18 -1.835 0.880
conv 73 -132.737 1.000
conv 63 0.288 1.000
conv 30 -0.714 1.000
conv 12 0.242 1.000
conv 36 0.580 1.000
conv 54 -2.444 1.000
conv 76 2.228 1.000
conv 48 -6.970 1.000
conv 72 0.989 1.000
conv 27 -0.707 1.000
conv 76 0.874 1.000
conv 27 -1.297 1.000
conv 69 3.513 1.000
conv 54 -2.078 1.000
conv 7 1.595 1.000
conv 7 -2.447 1.000
conv 73 0.226 1.000
conv 4 1.292 1.000
conv 6 0.407 1.000
conv 1 0.960 1.000
conv 78 -0.015 1.000
conv 12 -3.163 1.000
conv 77 2.434 1.000
conv 7 -3.049 1.000
conv 51 1.154 1.000
conv 28 -0.464 1.000
conv 29 1.674 1.000
linear 12 88.244 1.000

conv 13 348.270 1.100
conv 33 -29.374 1.110
conv 0 0.027 1.050
conv 42 -86.037 1.030
conv 60 -5.349 1.010
conv 5 61.874 1.010
conv 10 -64.033 0.960
conv 0 -66.423 0.900
conv 10 -0.767 1.000
conv 48 -142.648 1.000
conv 69 -0.177 1.000
conv 17 0.225 1.000
conv 48 -0.851 1.000
conv 37 0.302 1.000
conv 59 -0.723 1.000
conv 55 0.424 1.000
conv 72 -5.777 1.000
conv 20 1.798 1.000
conv 77 -1.644 1.000
conv 35 0.396 1.000
conv 77 -0.947 1.000
conv 32 -0.401 1.000
conv 15 2.140 1.000
conv 13 1.241 1.000
conv 70 -2.514 1.000
conv 34 4.757 0.000
conv 49 -2.983 1.000
conv 18 1.075 1.000
conv 0 -0.298 1.000
conv 15 -1.607 1.000
conv 67 -1.281 1.000
conv 63 1.898 1.000
conv 38 -2.465 1.000
conv 5 0.744 1.000
conv 28 0.202 1.000
conv 65 1.124 1.000
linear 15 46.923 0.000

conv 73 323.624 0.990
conv 70 -28.412 1.000
conv 10 -0.174 1.040
conv 2 -79.460 1.050
conv 56 -4.875 1.110
conv 5 24.706 1.110
conv 6 -24.788 1.120
conv 78 -63.676 1.050
conv 71 -0.420 1.010
conv 3 -123.512 1.000
conv 23 2.267 1.000
conv 35 -0.155 1.000
conv 67 4.598 0.000
conv 68 0.141 0.000
conv 71 0.368 1.000
conv 48 -0.154 1.000
conv 32 -5.762 1.000
conv 77 3.544 1.000
conv 14 -17.653 1.000
conv 15 0.061 1.000
conv 25 -1.097 1.000
conv 50 5.336 1.000
conv 40 -4.343 1.000
conv 62 -0.198 1.000
conv 4 -0.919 1.000
conv 73 -0.082 1.000
conv 55 1.070 1.000
conv 16 114.334 0.000
conv 59 -112.689 1.000
conv 44 0.184 1.000
conv 73 -3.358 1.000
conv 24 2.234 1.000
conv 27 -2.887 1.000
conv 58 0.925 1.000
conv 61 -0.382 1.000
conv 50 1.955 1.000
linear 5 -0.514 1.000

conv 25 335.447 1.070
conv 75 -22.741 1.010
conv 45 -0.212 1.020
conv 35 -81.191 1.050
conv 1 -5.754 0.920
conv 39 1.070 1.100
conv 32 -0.515 1.100
conv 70 -69.459 1.020
conv 56 -0.606 1.020
conv 79 -140.448 1.000
conv 27 -3.825 1.000
conv 63 3.811 1.000
conv 51 -0.552 1.000
conv 52 0.229 1.000
conv 23 -0.556 1.000
conv 1 0.731 1.000
conv 0 -4.600 1.000
conv 78 -0.570 1.000
conv 23 10.875 1.000
conv 5 -9.983 1.000
conv 11 10.565 1.000
conv 23 -0.177 1.000
conv 73 0.195 1.000
conv 52 -1.405 1.000
conv 72 -0.940 1.000
conv 41 1.577 1.000
conv 68 0.069 1.000
conv 69 -0.050 1.000
conv 25 -0.390 1.000
conv 22 -7.862 1.000
conv 66 -0.871 1.000
conv 11 -0.810 1.000
conv 17 -3.060 1.000
conv 50 0.901 1.000
conv 58 -0.105 1.000
conv 40 1.441 1.000
linear 75 2.570 1.000

conv 24 320.982 1.050
conv 68 -28.272 1.010
conv 57 -0.312 1.020
conv 21 -76.131 1.090
conv 49 -4.168 0.910
conv 34 -3.647 1.110
conv 0 -0.680 1.090
conv 42 -62.334 0.870
conv 0 -0.461 0.990
conv 0 -128.976 1.000
conv 35 -0.564 1.000
conv 38 -0.147 1.000
conv 12 1.161 1.000
conv 59 -0.231 1.000
conv 58 -0.364 1.000
conv 78 0.198 1.000
conv 3 -8.181 1.000
conv 2 2.188 1.000
conv 24 -0.455 1.000
conv 42 0.437 1.000
conv 58 -1.571 1.000
conv 3 -0.035 1.000
conv 74 1.256 1.000
conv 70 2.259 1.000
conv 63 -2.848 1.000
conv 64 -0.402 1.000
conv 27 0.899 1.000
conv 62 0.947 1.000
conv 63 0.799 1.000
conv 45 0.338 1.000
conv 13 -3.286 1.000
conv 7 2.404 1.000
conv 7 -3.318 1.000
conv 20 1.240 1.000
conv 23 -0.563 1.000
conv 17 2.114 1.000
linear 35 15.293 0.000

conv 47 329.031 1.040
conv 40 -27.610 1.010
conv 21 -0.130 1.000
conv 0 -82.251 1.040
conv 53 -5.162 0.920
conv 58 -1.790 1.090
conv 72 -0.489 1.000
conv 17 -62.573 1.030
conv 6 -0.615 0.990
conv 28 -133.418 1.000
conv 31 -1.017 1.000
conv 8 -2.013 1.000
conv 1 3.428 1.000
conv 4 -0.140 1.000
conv 31 3.994 1.000
conv 59 0.278 1.000
conv 70 3.228 1.000
conv 71 -1.997 1.000
conv 26 -10.790 1.000
conv 25 -0.275 1.000
conv 79 -0.683 1.000
conv 75 2.512 1.000
conv 79 -1.832 1.000
conv 58 -0.073 1.000
conv 67 -0.531 1.000
conv 2 -0.590 1.000
conv 49 0.676 1.000
conv 18 2.509 1.000
conv 29 -1.091 1.000
conv 77 1.167 1.000
conv 79 -3.313 1.000
conv 60 1.936 1.000
conv 43 -2.306 1.000
conv 19 257.510 1.000
conv 70 -233.325 1.000
conv 65 7.752 1.000
linear 62 -30.184 1.000

conv 41 363.595 1.030
conv 72 -27.341 1.010
conv 4 -0.301 0.900
conv 12 -84.448 1.020
conv 34 -9.370 1.080
conv 55 0.218 1.060
conv 23 -0.823 0.980
conv 0 -76.701 0.950
conv 43 -0.850 0.910
conv 24 -133.414 1.040
conv 70 -5.320 0.930
conv 16 -0.951 0.910
conv 61 3.633 0.920
conv 70 0.347 0.920
conv 69 0.642 0.980
conv 31 -0.022 0.970
conv 19 6.769 0.750
conv 38 -20.255 1.000
conv 70 -6.907 1.000
conv 47 0.489 1.000
conv 42 -0.111 1.000
conv 23 2.872 1.000
conv 65 -2.395 1.000
conv 30 2.737 1.000
conv 15 -0.052 1.000
conv 58 5.048 1.000
conv 33 0.952 1.000
conv 6 -1.869 1.000
conv 46 1.046 1.000
conv 67 -6.448 1.000
conv 32 -2.453 1.000
conv 63 2.283 1.000
conv 73 -2.738 1.000
conv 46 0.967 1.000
conv 68 -0.446 1.000
conv 44 1.454 1.000
linear 8 4.502 1.000

conv 17 335.194 1.050
conv 57 -25.760 1.010
conv 55 -0.240 1.000
conv 59 -76.694 1.050
conv 10 0.794 1.040
conv 14 -5.926 0.970
conv 15 -1.097 0.980
conv 3 -61.441 1.190
conv 26 -11.203 1.030
conv 40 -139.708 1.000
conv 79 0.566 1.000
conv 54 -3.934 1.000
conv 6 -1.933 1.000
conv 51 -0.454 1.000
conv 36 0.547 1.000
conv 65 -0.236 1.000
conv 10 -0.219 1.000
conv 66 2.288 1.000
conv 43 -1.535 1.000
conv 67 1.287 1.000
conv 18 -1.563 1.000
conv 74 0.463 1.000
conv 27 3.822 1.000
conv 39 2.699 1.000
conv 1 -2.096 0.000
conv 74 3.533 1.000
conv 62 -1.617 1.000
conv 9 19.606 1.000
conv 13 1.058 1.000
conv 21 -25.489 1.000
conv 67 -2.411 1.000
conv 66 1.015 1.000
conv 0 -1.362 1.000
conv 28 0.395 1.000
conv 0 0.153 1.000
conv 45 1.831 1.000
linear 71 -0.494 1.000

conv 49 345.340 1.060
conv 35 -29.615 1.000
conv 39 -0.070 1.000
conv 40 -83.985 1.050
conv 63 -6.514 0.910
conv 66 -1.900 1.030
conv 40 -0.580 1.000
conv 42 -67.152 0.910
conv 28 -0.626 0.970
conv 7 -139.672 1.000
conv 13 4.612 1.000
conv 69 -4.583 1.000
conv 26 -4.122 1.000
conv 28 3.439 1.000
conv 59 -0.732 1.000
conv 12 0.138 1.000
conv 29 4.487 1.000
conv 76 -8.351 1.000
conv 7 74.104 1.000
conv 2 0.677 1.000
conv 76 -6.350 1.000
conv 57 38.348 1.000
conv 52 -0.826 1.000
conv 5 -3.615 1.000
conv 70 6.079 1.000
conv 54 17.088 1.000
conv 13 1.011 1.000
conv 16 -18.158 1.000
conv 76 32.802 0.000
conv 46 -119.968 0.000
conv 18 0.769 0.000
conv 17 -22.690 1.000
conv 37 -0.365 1.000
conv 22 -0.547 1.000
conv 42 0.432 1.000
conv 63 0.972 1.000
linear 69 2.209 0.000

conv 53 364.707 1.070
conv 3 -29.029 1.060
conv 6 0.052 0.930
conv 34 -92.361 1.070
conv 37 -5.907 1.050
conv 32 -0.895 1.120
conv 14 -0.627 1.000
conv 5 -70.900 1.050
conv 25 -0.171 1.040
conv 0 -153.487 1.000
conv 2 -1.631 1.000
conv 75 2.959 1.000
conv 70 0.741 1.000
conv 22 -1.405 1.000
conv 70 -1.821 1.000
conv 54 0.788 1.000
conv 25 5.914 1.000
conv 55 -7.518 1.000
conv 76 1.125 1.000
conv 70 -0.321 1.000
conv 73 -0.801 1.000
conv 30 0.345 1.000
conv 4 0.743 1.000
conv 72 1.467 1.000
conv 45 -1.105 1.000
conv 28 -0.813 1.000
conv 10 1.265 1.000
conv 77 -0.493 1.000
conv 36 -0.007 1.000
conv 34 1.276 1.000
conv 49 -3.081 1.000
conv 62 2.072 1.000
conv 15 -2.857 1.000
conv 27 0.870 1.000
conv 66 -0.212 1.000
conv 33 1.458 1.000
linear 16 51.994 0.000

conv 51 325.061 1.020
conv 18 -26.388 1.010
conv 14 -0.249 1.020
conv 56 -80.657 1.050
conv 10 1.736 1.070
conv 56 -5.509 0.960
conv 6 -0.412 0.960
conv 75 -65.616 1.030
conv 61 -0.592 1.050
conv 78 -132.039 1.000
conv 14 -3.452 1.000
conv 75 3.169 1.000
conv 53 -2.784 1.000
conv 37 2.485 1.000
conv 66 -0.133 1.000
conv 79 0.065 1.000
conv 70 -6.118 1.000
conv 38 2.229 1.000
conv 66 -0.998 1.000
conv 60 -0.311 1.000
conv 52 -0.344 1.000
conv 62 3.025 1.000
conv 15 -1.633 1.000
conv 35 1.532 1.000
conv 33 -1.693 1.000
conv 59 -1.622 1.000
conv 15 2.209 1.000
conv 33 -1.275 1.000
conv 43 2.617 1.000
conv 66 -0.875 1.000
conv 27 -2.529 1.000
conv 33 4.415 1.000
conv 10 0.034 1.000
conv 46 -1.941 1.000
conv 44 -2.554 1.000
conv 61 1.690 1.000
linear 77 2.259 1.000

conv 32 342.501 1.030
conv 57 -29.872 1.010
conv 67 -0.251 1.020
conv 49 -81.647 1.050
conv 50 -5.943 0.920
conv 50 0.415 1.130
conv 32 -2.179 1.090
conv 38 -66.783 0.980
conv 47 -0.534 1.020
conv 17 -141.743 1.000
conv 60 3.855 1.000
conv 26 -0.713 1.000
conv 62 -2.037 1.000
conv 49 -0.225 1.000
conv 74 5.019 1.000
conv 55 0.130 1.000
conv 6 -9.883 1.000
conv 70 1.155 1.000
conv 54 -1.851 1.000
conv 43 0.601 1.000
conv 59 -1.275 1.000
conv 30 1.034 1.000
conv 0 0.060 1.000
conv 19 2.721 1.000
conv 52 13.982 1.000
conv 42 -1.810 1.000
conv 30 -0.367 1.000
conv 64 19.757 1.000
conv 19 0.132 1.000
conv 39 -32.446 1.000
conv 78 -3.371 1.000
conv 39 0.326 1.000
conv 58 -0.678 1.000
conv 26 -0.823 1.000
conv 58 1.883 1.000
conv 22 1.141 1.000
linear 70 9.992 1.000

conv 24 335.089 1.050
conv 54 -26.243 1.010
conv 19 -0.256 1.000
conv 39 -79.654 1.050
conv 61 -6.630 0.930
conv 73 -3.929 1.100
conv 76 -0.609 1.020
conv 18 -65.909 0.880
conv 54 0.042 1.020
conv 11 -138.192 1.000
conv 66 -4.295 1.000
conv 36 2.988 1.000
conv 32 0.045 1.000
conv 14 -0.413 1.000
conv 72 0.296 1.000
conv 66 1.722 1.000
conv 37 -4.884 1.000
conv 0 2.279 1.000
conv 18 -1.632 1.000
conv 62 -0.184 1.000
conv 4 16.143 1.000
conv 40 -6.984 1.000
conv 16 0.787 1.000
conv 29 13.409 0.000
conv 42 2.030 0.000
conv 61 25.360 1.000
conv 45 -0.293 1.000
conv 5 52.854 1.000
conv 39 0.495 1.000
conv 19 -95.191 1.000
conv 55 0.846 1.000
conv 37 -9.762 1.000
conv 59 -1.662 1.000
conv 79 0.460 1.000
conv 32 0.251 1.000
conv 79 1.494 1.000
linear 23 4.472 1.000

conv 2 317.832 1.070
conv 28 -32.398 1.120
conv 55 -0.241 1.120
conv 15 -73.780 1.070
conv 73 -4.841 1.030
conv 39 -3.126 0.880
conv 69 -0.731 0.880
conv 21 -62.043 0.870
conv 57 -0.302 0.890
conv 33 -126.094 1.000
conv 73 0.295 1.000
conv 42 -1.714 1.000
conv 8 21.585 1.000
conv 4 -20.574 1.000
conv 21 -5.531 1.000
conv 12 6.076 1.000
conv 72 -5.623 1.000
conv 37 11.609 1.000
conv 74 -1.425 1.000
conv 76 -1.983 1.000
conv 79 -5.398 1.000
conv 44 -0.998 1.000
conv 22 1.112 1.000
conv 23 1.381 1.000
conv 18 -1.894 1.000
conv 54 2.806 1.000
conv 11 -1.151 1.000
conv 1 -0.359 1.000
conv 48 3.872 1.000
conv 62 -6.733 1.000
conv 16 -0.086 1.000
conv 55 -1.552 1.000
conv 79 0.433 1.000
conv 20 -0.746 1.000
conv 47 0.511 1.000
conv 10 2.357 1.000
linear 56 6.781 0.000

conv 48 354.370 1.060
conv 53 -29.507 1.010
conv 50 -0.216 1.030
conv 2 -86.791 1.040
conv 35 3.589 1.010
conv 50 -9.180 0.980
conv 72 -1.443 0.990
conv 26 -68.804 0.970
conv 9 -3.072 0.990
conv 11 -144.979 1.000
conv 40 -1.690 1.000
conv 27 0.103 1.000
conv 3 0.004 1.000
conv 77 -0.067 1.000
conv 48 -1.735 1.000
conv 47 2.980 1.000
conv 31 -4.695 1.000
conv 15 2.446 1.000
conv 37 -2.423 1.000
conv 78 0.752 1.000
conv 23 -1.097 1.000
conv 37 3.171 1.000
conv 10 -2.030 1.000
conv 63 1.863 1.000
conv 63 -2.890 1.000
conv 69 -0.131 1.000
conv 7 1.744 1.000
conv 8 0.492 1.000
conv 16 1.007 1.000
conv 64 0.045 1.000
conv 43 -3.619 1.000
conv 44 2.010 1.000
conv 34 -2.689 1.000
conv 1 0.775 1.000
conv 47 0.210 1.000
conv 26 1.367 1.000
linear 28 62.475 0.000

conv 67 334.418 1.040
conv 0 -28.495 1.000
conv 19 -0.856 1.010
conv 23 -84.001 1.040
conv 19 -4.933 0.940
conv 49 0.381 1.100
conv 45 -0.555 1.070
conv 13 -67.174 1.020
conv 1 -0.745 1.010
conv 2 -132.135 1.000
conv 20 -3.034 1.000
conv 27 3.218 1.000
conv 36 -2.686 1.000
conv 45 2.042 1.000
conv 38 -1.107 1.000
conv 53 0.862 1.000
conv 49 -4.240 1.000
conv 48 -0.639 1.000
conv 66 -0.597 1.000
conv 65 -0.213 1.000
conv 22 -0.921 1.000
conv 14 3.111 1.000
conv 36 -1.954 1.000
conv 26 1.277 1.000
conv 8 -0.296 1.000
conv 13 -0.836 1.000
conv 11 -0.887 1.000
conv 14 13.631 1.000
conv 7 -14.189 1.000
conv 59 2.871 1.000
conv 79 -2.806 1.000
conv 68 2.265 1.000
conv 54 -2.847 1.000
conv 65 0.731 1.000
conv 40 0.181 1.000
conv 26 1.452 1.000
linear 30 5.702 0.000

conv 55 354.904 1.060
conv 66 -29.444 1.010
conv 77 -0.209 1.020
conv 18 -87.356 1.060
conv 1 -5.430 0.930
conv 72 -0.375 1.100
conv 40 -0.582 1.090
conv 25 -71.001 1.120
conv 10 0.554 1.010
conv 37 -147.931 1.000
conv 1 -1.689 1.000
conv 32 -1.255 1.000
conv 33 18.579 1.000
conv 30 -18.512 1.000
conv 10 2.335 1.000
conv 8 0.658 1.000
conv 29 5.465 1.000
conv 44 -8.565 1.000
conv 22 -1.142 1.000
conv 33 1.525 1.000
conv 35 -1.634 1.000
conv 39 2.867 1.000
conv 40 -2.986 1.000
conv 35 2.057 1.000
conv 43 -2.243 1.000
conv 30 0.364 1.000
conv 36 0.454 1.000
conv 28 -0.652 1.000
conv 19 2.025 1.000
conv 78 0.909 1.000
conv 15 -3.152 1.000
conv 45 -0.045 1.000
conv 77 2.833 1.000
conv 12 -1.945 1.000
conv 9 -0.239 1.000
conv 64 2.343 1.000
linear 6 5.816 1.000

conv 48 369.666 1.060
conv 35 -30.347 1.010
conv 28 -0.222 1.010
conv 19 -86.170 1.010
conv 53 -11.658 0.920
conv 54 -0.911 1.100
conv 77 -0.643 1.030
conv 20 -72.936 0.890
conv 36 0.066 1.010
conv 34 -146.467 1.130
conv 30 -3.169 1.000
conv 16 -2.584 1.090
conv 69 3.379 1.100
conv 46 -0.461 1.130
conv 51 0.821 1.130
conv 21 2.925 1.100
conv 32 -10.661 0.990
conv 26 -1.730 1.020
conv 48 5.920 1.000
conv 18 -3.814 1.000
conv 71 1.624 1.000
conv 56 0.420 1.000
conv 7 -1.570 1.000
conv 78 -0.185 1.000
conv 29 -0.611 1.000
conv 28 3.948 1.000
conv 6 -0.070 1.000
conv 33 -2.851 1.000
conv 74 0.694 1.000
conv 32 -1.850 1.000
conv 72 -2.553 1.000
conv 67 1.999 1.000
conv 32 -2.686 1.000
conv 72 1.003 1.000
conv 5 0.113 1.000
conv 3 1.529 1.000
linear 55 2.162 0.000

conv 56 364.147 1.070
conv 4 -32.545 1.010
conv 35 -0.232 1.010
conv 24 -90.871 1.050
conv 8 -5.576 0.940
conv 7 -1.913 1.100
conv 59 -0.571 1.030
conv 52 -69.284 0.890
conv 50 -0.424 1.010
conv 36 -146.660 1.000
conv 59 -0.693 1.000
conv 42 -1.258 1.000
conv 77 0.518 1.000
conv 2 0.790 1.000
conv 77 -0.119 1.000
conv 46 1.831 1.000
conv 76 -8.149 1.000
conv 45 1.758 1.000
conv 45 3.311 1.000
conv 3 -5.626 1.000
conv 14 0.288 1.000
conv 4 0.587 1.000
conv 21 0.131 1.000
conv 10 -0.571 1.000
conv 11 0.704 1.000
conv 22 -0.681 1.000
conv 38 -0.165 1.000
conv 20 0.825 1.000
conv 28 7.010 1.000
conv 23 -0.829 1.000
conv 67 -2.098 1.000
conv 18 29.358 1.000
conv 41 13.979 1.000
conv 14 -1.622 1.000
conv 58 -37.956 1.000
conv 51 0.672 1.000
linear 48 7.438 0.000

conv 51 317.087 1.020
conv 42 -27.001 1.030
conv 39 -0.172 1.020
conv 52 -77.784 1.040
conv 34 -3.778 1.120
conv 65 -0.110 1.140
conv 55 -0.559 1.130
conv 33 -63.999 1.050
conv 77 -0.797 1.040
conv 53 -128.327 1.000
conv 61 0.219 1.000
conv 35 -2.312 1.000
conv 29 -0.647 1.000
conv 57 2.640 1.000
conv 38 -0.364 1.000
conv 65 0.266 1.000
conv 51 -5.885 1.000
conv 17 36.065 1.000
conv 76 0.718 1.000
conv 1 3.322 1.000
conv 10 -13.757 1.000
conv 76 -1.086 1.000
conv 21 1.189 1.000
conv 1 0.471 1.000
conv 41 -0.077 1.000
conv 28 5.975 1.000
conv 60 -0.701 1.000
conv 15 2.335 1.000
conv 40 0.460 1.000
conv 20 -27.343 1.000
conv 59 4.410 1.000
conv 20 -3.387 1.000
conv 35 3.399 1.000
conv 51 -1.725 1.000
conv 15 -7.532 1.000
conv 66 0.514 1.000
linear 59 1.076 0.000

conv 23 350.271 1.100
conv 35 -29.685 1.090
conv 4 -0.282 1.060
conv 35 -85.087 1.090
conv 59 -5.260 1.040
conv 6 0.083 1.090
conv 29 -0.354 1.060
conv 6 -68.906 1.080
conv 43 -0.907 1.050
conv 76 -144.204 1.000
conv 47 -1.797 1.000
conv 68 1.971 1.000
conv 70 -0.460 1.000
conv 62 -0.016 1.000
conv 15 1.028 1.000
conv 50 40.585 1.000
conv 62 -46.151 1.000
conv 26 -0.254 1.000
conv 71 3.028 1.000
conv 47 -2.595 1.000
conv 23 1.429 1.000
conv 44 0.809 1.000
conv 21 -1.478 1.000
conv 22 3.305 1.000
conv 58 -4.477 1.000
conv 25 4.454 1.000
conv 76 -0.141 1.000
conv 58 -1.734 1.000
conv 5 20.535 1.000
conv 43 -17.486 1.000
conv 75 2.193 1.000
conv 67 -7.362 1.000
conv 38 -3.039 1.000
conv 3 1.115 1.000
conv 66 -0.458 1.000
conv 10 1.878 1.000
linear 36 8.385 0.000

conv 65 377.596 1.050
conv 59 -30.047 1.010
conv 62 -0.139 1.010
conv 65 -95.143 1.040
conv 51 -5.434 0.930
conv 16 -2.544 1.060
conv 72 -0.320 1.000
conv 59 -73.147 0.950
conv 12 -0.354 1.010
conv 33 -155.822 1.000
conv 58 -0.234 1.000
conv 33 -0.024 1.000
conv 53 -2.545 1.000
conv 23 2.717 1.000
conv 42 -0.617 1.000
conv 57 0.550 1.000
conv 79 -5.848 1.000
conv 1 1.169 1.000
conv 3 -0.420 1.000
conv 55 0.621 1.000
conv 56 -1.321 1.000
conv 41 3.918 1.000
conv 14 -2.122 1.000
conv 25 3.199 1.000
conv 12 -3.969 1.000
conv 52 -1.385 1.000
conv 64 0.985 1.000
conv 74 0.646 1.000
conv 77 0.503 1.000
conv 41 1.201 1.000
conv 55 -3.291 1.000
conv 12 12.438 1.000
conv 10 -3.591 1.000
conv 8 -1.439 1.000
conv 32 -5.873 1.000
conv 56 2.991 1.000
linear 71 -0.108 1.000

conv 59 360.127 1.060
conv 67 -30.632 1.010
conv 34 -0.331 1.020
conv 61 -89.691 1.060
conv 56 -5.076 1.100
conv 66 -0.414 1.150
conv 11 -0.515 1.090
conv 4 -70.659 1.050
conv 52 -0.866 1.010
conv 39 -149.943 1.000
conv 63 -0.410 1.000
conv 2 4.087 1.000
conv 58 21.424 1.000
conv 21 0.239 1.000
conv 4 -8.019 1.000
conv 23 -0.205 1.000
conv 20 -15.426 1.000
conv 46 -1.977 1.000
conv 10 16.918 1.000
conv 55 5.877 1.000
conv 50 1.067 1.000
conv 40 -1.810 1.000
conv 23 2.823 1.000
conv 3 -3.214 1.000
conv 34 1.766 1.000
conv 38 14.986 1.000
conv 33 -0.050 1.000
conv 70 14.721 1.000
conv 31 -6.890 1.000
conv 14 947.926 1.000
conv 64 -992.361 1.000
conv 3 -3.112 1.000
conv 56 -2.694 1.000
conv 62 0.814 1.000
conv 50 -0.387 1.000
conv 17 1.722 1.000
linear 74 -2.945 1.000

conv 67 365.022 1.040
conv 60 -30.778 1.000
conv 13 -0.178 1.010
conv 69 -90.113 1.050
conv 32 -6.048 0.970
conv 46 -1.603 1.100
conv 0 -0.559 1.100
conv 54 -70.050 1.010
conv 65 -0.515 0.990
conv 0 -150.313 1.000
conv 23 4.078 1.000
conv 11 -4.505 1.000
conv 41 0.035 1.000
conv 53 0.754 1.000
conv 33 -0.319 1.000
conv 75 -0.075 1.000
conv 47 -6.407 1.000
conv 30 1.406 1.000
conv 34 0.190 1.000
conv 27 -0.030 1.000
conv 6 1.042 1.000
conv 43 -2.544 1.000
conv 19 -0.581 1.000
conv 29 2.124 1.000
conv 11 2.712 1.000
conv 45 -0.465 1.000
conv 29 -0.759 1.000
conv 29 11.740 1.000
conv 56 -9.464 1.000
conv 9 -2.128 1.000
conv 64 -3.293 1.000
conv 50 1.579 1.000
conv 53 -2.290 1.000
conv 70 0.717 1.000
conv 23 -0.165 1.000
conv 47 1.838 1.000
linear 42 3.747 1.000

conv 4 332.765 1.030
conv 46 -27.096 1.090
conv 64 -0.157 1.090
conv 79 -78.319 1.110
conv 9 47.783 1.000
conv 16 47.642 1.000
conv 9 -0.295 1.000
conv 12 -157.802 1.000
conv 4 -11.269 1.000
conv 32 -132.145 1.000
conv 25 -0.267 1.000
conv 25 -0.538 1.000
conv 75 -2.277 1.000
conv 25 1.315 1.000
conv 3 7.954 1.000
conv 50 0.248 1.000
conv 20 -17.577 1.000
conv 40 -0.793 1.000
conv 45 5.174 1.000
conv 19 -5.393 1.000
conv 1 0.210 1.000
conv 52 1.410 1.000
conv 22 -1.042 1.000
conv 14 -0.139 1.000
conv 19 0.688 1.000
conv 24 18.653 0.000
conv 37 -19.150 1.000
conv 25 0.303 1.000
conv 46 1.285 1.000
conv 28 1.484 1.000
conv 75 -4.706 1.000
conv 51 3.033 1.000
conv 16 -3.028 1.000
conv 7 1.110 1.000
conv 5 -0.599 1.000
conv 79 1.857 1.000
linear 64 6.285 1.000

