conv 54 25.533 1.460
conv 68 -20.656 1.000
conv 9 0.601 1.000
conv 11 2.229 1.000
conv 40 -2.528 1.000
linear 3 1.040 1.000
linear 38 0.048 1.000
linear 72 4.515 0.000

conv 34 27.772 1.430
conv 27 -22.842 1.000
conv 7 0.564 1.000
conv 63 2.218 1.000
conv 78 -2.418 1.000
linear 55 0.874 1.000
linear 6 0.046 1.000
linear 68 5.367 0.000

conv 16 21.989 1.160
conv 18 -17.228 1.000
conv 9 0.897 1.000
conv 48 1.846 1.000
conv 43 -2.478 1.000
linear 16 1.181 1.000
linear 19 0.048 1.000
linear 75 4.397 0.000

conv 71 24.443 1.450
conv 68 -19.633 1.000
conv 48 0.642 1.000
conv 51 2.312 1.000
conv 45 -2.685 1.000
linear 73 1.198 1.000
linear 44 0.048 1.000
linear 62 5.192 0.000

conv 6 19.930 1.070
conv 73 -15.035 1.000
conv 36 0.681 1.000
conv 73 2.546 1.000
conv 7 -2.625 1.000
linear 75 0.802 1.000
linear 27 0.046 1.000
linear 19 3.930 0.000

conv 21 25.581 1.330
conv 48 -20.624 1.000
conv 47 0.175 1.000
conv 24 2.902 1.000
conv 31 -2.460 1.000
linear 4 1.916 0.000
linear 9 -1.185 1.000
linear 6 3.175 0.000

conv 79 22.409 1.450
conv 63 -17.622 1.000
conv 39 0.869 1.000
conv 50 1.985 1.000
conv 29 -2.312 1.000
linear 44 0.858 1.000
linear 42 0.051 1.000
linear 32 5.400 0.000

conv 34 24.940 1.430
conv 10 -20.350 1.000
conv 18 0.671 1.000
conv 30 2.322 1.000
conv 21 -2.178 1.000
linear 6 0.767 1.000
linear 57 0.047 1.000
linear 32 3.500 0.000

conv 71 25.182 1.450
conv 68 -20.497 1.000
conv 70 0.848 1.000
conv 52 2.263 1.000
conv 60 -2.670 1.000
linear 24 0.954 1.000
linear 4 0.046 1.000
linear 48 5.063 0.000

conv 67 21.115 1.460
conv 29 -16.489 1.000
conv 49 0.762 1.000
conv 7 2.304 1.000
conv 63 -2.522 1.000
linear 59 0.942 1.000
linear 79 0.047 1.000
linear 59 4.093 0.000

conv 18 38.450 1.230
conv 12 -33.516 0.990
conv 35 1.789 1.000
conv 27 1.154 1.000
conv 38 -2.291 1.000
linear 65 0.606 1.000
linear 5 0.044 1.000
linear 14 3.815 0.000

conv 45 24.733 1.590
conv 17 -15.754 1.020
conv 54 -3.318 1.000
conv 42 1.857 1.000
conv 6 -2.437 1.000
linear 31 1.062 1.000
linear 78 0.048 1.000
linear 45 5.528 0.000

conv 71 23.619 1.450
conv 50 -18.954 1.000
conv 45 2.366 1.000
conv 77 0.986 1.000
conv 71 -2.755 1.000
linear 31 0.901 1.000
linear 54 0.045 1.000
linear 48 5.051 0.000

conv 59 25.568 1.480
conv 79 -20.668 1.000
conv 41 0.796 1.000
conv 18 2.350 1.000
conv 71 -2.724 1.000
linear 77 0.865 1.000
linear 2 0.048 1.000
linear 73 5.274 0.000

conv 29 26.900 1.200
conv 47 -22.161 1.000
conv 8 0.671 1.000
conv 0 2.312 1.000
conv 11 -1.786 1.000
linear 21 0.278 1.000
linear 8 0.048 1.000
linear 29 4.584 0.000

conv 13 27.231 1.050
conv 69 -17.416 1.010
conv 78 -4.240 1.000
conv 54 1.873 1.000
conv 4 -2.454 1.000
linear 53 1.215 1.000
linear 51 0.047 1.000
linear 55 5.090 0.000

conv 23 24.640 1.300
conv 73 -19.975 1.000
conv 72 0.694 1.000
conv 50 2.381 1.000
conv 36 -2.457 1.000
linear 66 0.867 1.000
linear 22 0.044 1.000
linear 78 4.406 0.000

conv 41 22.797 1.390
conv 42 -18.127 1.000
conv 68 0.972 1.000
conv 33 2.478 1.000
conv 63 -2.846 1.000
linear 53 0.882 1.000
linear 11 0.045 1.000
linear 23 5.899 0.000

conv 0 49.219 1.270
conv 18 -44.398 1.000
conv 37 1.073 1.000
conv 7 1.870 1.000
conv 18 -0.811 1.000
linear 38 -0.733 1.000
linear 57 0.048 1.000
linear 47 4.596 1.000

conv 32 26.897 1.400
conv 38 -22.161 1.000
conv 3 0.580 1.000
conv 36 2.241 1.000
conv 26 -1.684 1.000
linear 49 0.292 1.000
linear 39 0.048 1.000
linear 21 4.180 0.000

conv 26 21.771 1.150
conv 64 -17.249 1.000
conv 68 0.818 1.000
conv 66 2.271 1.000
conv 5 -2.419 1.000
linear 32 0.979 1.000
linear 49 0.049 1.000
linear 20 4.173 0.000

conv 78 25.855 1.400
conv 72 -21.191 1.000
conv 12 0.403 1.000
conv 64 1.896 1.000
conv 19 -1.973 1.000
linear 15 1.142 1.000
linear 63 0.045 1.000
linear 69 5.011 0.000

conv 74 22.771 1.450
conv 5 -18.021 1.000
conv 70 0.862 1.000
conv 6 2.225 1.000
conv 72 -2.528 1.000
linear 15 0.846 1.000
linear 33 0.048 1.000
linear 53 5.474 0.000

conv 78 25.295 1.400
conv 27 -20.422 1.000
conv 10 0.619 1.000
conv 34 2.048 1.000
conv 40 -2.245 1.000
linear 50 0.963 1.000
linear 27 0.051 1.000
linear 19 4.053 0.000

conv 76 26.405 1.450
conv 79 -21.448 1.000
conv 62 0.507 1.000
conv 68 2.697 1.000
conv 32 -2.664 1.000
linear 78 0.777 1.000
linear 62 0.047 1.000
linear 73 4.338 0.000

conv 62 26.169 1.460
conv 43 -21.194 1.000
conv 21 0.875 1.000
conv 58 2.392 1.000
conv 69 -2.765 1.000
linear 32 0.769 1.000
linear 58 0.049 1.000
linear 11 4.723 0.000

conv 52 24.547 1.490
conv 7 -19.855 1.000
conv 13 0.695 1.000
conv 39 2.669 1.000
conv 11 -2.012 1.000
linear 24 0.105 1.000
linear 74 0.048 1.000
linear 22 2.986 0.000

conv 13 26.778 1.050
conv 41 -21.661 1.000
conv 27 32.732 1.000
conv 8 -29.831 1.000
conv 46 -2.770 1.000
linear 79 0.963 1.000
linear 29 0.049 1.000
linear 73 5.221 0.000

conv 70 22.729 1.450
conv 48 -18.175 1.000
conv 64 0.778 1.000
conv 14 2.026 1.000
conv 56 -2.386 1.000
linear 16 1.166 1.000
linear 10 0.046 1.000
linear 22 4.091 0.000

conv 3 46.840 1.060
conv 54 -42.027 1.000
conv 29 1.413 1.000
conv 70 1.602 1.000
conv 28 -1.881 1.000
linear 29 0.208 1.000
linear 63 0.048 1.000
linear 33 4.387 0.000

conv 77 26.380 1.460
conv 75 -21.712 1.000
conv 54 0.837 1.000
conv 76 2.673 1.000
conv 73 -2.943 1.000
linear 30 1.006 1.000
linear 66 0.047 1.000
linear 14 4.628 0.000

conv 63 25.766 1.460
conv 41 -20.858 1.000
conv 15 82.103 1.000
conv 36 -79.365 1.000
conv 72 -2.412 1.000
linear 74 0.790 1.000
linear 79 0.046 1.000
linear 18 5.304 0.000

