conv 50 17.260 0.780
conv 74 -0.972 0.950
conv 54 0.044 0.990
conv 28 0.047 0.890
conv 70 1.175 0.910
conv 43 11.327 1.010
conv 76 2.934 0.980
conv 63 -22.432 1.000
conv 41 -0.718 1.000
conv 32 1.701 1.000
conv 68 4.761 1.000
conv 7 -5.561 1.000
conv 34 2.526 1.000
conv 50 -2.520 1.000
conv 3 0.934 1.000
conv 51 -0.978 1.000
conv 14 170.157 1.000
conv 33 -1.571 1.000
conv 68 -154.746 1.000
conv 63 -4.328 0.000
linear 6 -8.344 0.000

conv 10 19.670 0.930
conv 22 -0.320 1.120
conv 37 -0.025 1.130
conv 27 2.254 0.900
conv 7 1.090 0.960
conv 34 9.706 0.980
conv 65 2.566 0.980
conv 74 -26.018 1.050
conv 69 0.088 1.000
conv 67 1.097 0.860
conv 36 4.705 1.000
conv 27 -5.329 1.000
conv 62 2.039 1.000
conv 18 -2.886 1.000
conv 65 1.941 1.000
conv 62 -1.170 1.000
conv 16 0.782 1.000
conv 5 0.408 1.000
conv 67 -2.125 1.000
conv 0 3.033 1.000
linear 41 10.767 0.000

conv 17 19.526 0.680
conv 45 -1.906 0.930
conv 31 -0.031 0.900
conv 57 1.512 0.980
conv 31 1.842 1.300
conv 64 12.617 0.990
conv 49 2.198 0.980
conv 16 -2.703 1.240
conv 64 -9.876 1.050
conv 75 0.143 1.000
conv 40 -12.859 1.180
conv 77 1.138 1.000
conv 67 0.277 1.000
conv 55 -2.790 1.000
conv 19 1.193 1.000
conv 34 -2.001 1.000
conv 73 1.340 1.000
conv 47 1.110 1.000
conv 18 246.679 0.000
conv 41 -246.615 1.000
linear 19 193.348 1.000

conv 17 19.694 0.680
conv 51 -2.413 0.930
conv 63 0.010 0.900
conv 73 0.006 1.030
conv 1 1.808 1.300
conv 56 12.815 0.980
conv 69 2.379 0.990
conv 37 -25.649 1.000
conv 66 -0.242 1.000
conv 53 1.477 1.000
conv 30 4.314 1.000
conv 51 -4.744 1.000
conv 45 -0.105 1.000
conv 48 1.933 1.000
conv 9 0.569 1.000
conv 62 -2.916 1.000
conv 47 0.852 1.000
conv 45 0.544 1.000
conv 66 -1.963 1.000
conv 66 3.116 1.000
linear 12 11.804 0.000

conv 0 29.685 0.980
conv 78 -3.621 1.110
conv 68 -0.019 1.110
conv 77 11.419 1.120
conv 38 2.113 1.040
conv 70 -2.802 0.810
conv 0 2.684 0.900
conv 67 -30.712 1.020
conv 43 1.102 1.000
conv 35 1.180 0.660
conv 44 3.173 1.000
conv 74 -4.900 1.030
conv 19 2.633 1.000
conv 77 -2.477 1.000
conv 34 1.399 1.000
conv 29 16.336 1.000
conv 72 -17.478 1.000
conv 38 0.657 1.000
conv 62 -1.570 1.000
conv 17 2.204 1.000
linear 40 11.679 0.000

conv 22 17.204 0.840
conv 28 0.317 0.970
conv 37 0.123 0.980
conv 68 1.312 1.000
conv 49 0.690 0.950
conv 63 12.880 0.620
conv 27 2.227 0.750
conv 45 -25.370 1.000
conv 16 -0.735 1.000
conv 32 2.195 1.000
conv 13 3.602 1.000
conv 16 -4.379 1.000
conv 20 0.991 1.000
conv 30 0.563 1.000
conv 20 -3.187 1.000
conv 28 -0.509 1.000
conv 69 1.922 1.000
conv 27 1.196 1.000
conv 2 -2.570 1.000
conv 25 2.506 1.000
linear 52 8.283 0.000

conv 57 19.016 1.030
conv 12 -0.783 0.860
conv 7 -0.078 0.860
conv 42 -1.195 0.650
conv 25 1.203 0.700
conv 33 14.204 1.020
conv 63 1.981 0.880
conv 64 -25.199 1.000
conv 49 -0.623 1.000
conv 46 1.807 1.000
conv 5 4.225 1.000
conv 22 -4.723 1.000
conv 45 -0.109 1.000
conv 31 1.201 1.000
conv 35 2.374 1.000
conv 14 -4.999 1.000
conv 3 1.821 1.000
conv 27 1.328 1.000
conv 78 -2.894 1.000
conv 67 2.989 1.000
linear 48 2.880 0.000

conv 50 17.141 0.780
conv 76 -1.235 0.940
conv 55 0.024 0.920
conv 78 0.742 0.890
conv 53 1.219 0.900
conv 14 12.511 0.650
conv 11 11.207 1.010
conv 72 -24.365 1.000
conv 42 -7.490 1.000
conv 18 0.850 1.000
conv 55 5.402 1.000
conv 28 -7.163 1.000
conv 7 3.371 1.000
conv 45 -3.269 1.000
conv 51 1.475 1.000
conv 31 -0.640 1.000
conv 60 -0.226 1.000
conv 1 45.200 1.000
conv 65 -44.669 1.000
conv 51 1.995 1.000
linear 2 1.415 0.000

conv 14 21.715 1.060
conv 22 -0.828 1.160
conv 47 0.031 1.130
conv 25 -3.453 0.970
conv 45 1.163 1.060
conv 63 15.419 0.610
conv 78 2.834 0.950
conv 28 -27.624 1.000
conv 77 -0.574 1.000
conv 65 1.570 1.000
conv 49 4.009 1.000
conv 8 50.832 1.000
conv 61 0.213 1.000
conv 13 1.019 1.000
conv 75 1.118 1.000
conv 28 7.881 1.000
conv 52 0.280 1.000
conv 59 -65.498 1.000
conv 61 -1.351 1.000
conv 66 2.367 1.000
linear 4 3.356 0.000

conv 13 18.122 1.070
conv 49 0.209 1.080
conv 55 0.063 1.050
conv 26 0.015 1.060
conv 64 1.318 0.980
conv 56 12.416 0.930
conv 0 2.483 1.000
conv 79 -25.820 1.000
conv 17 -0.565 1.000
conv 26 1.960 1.000
conv 26 4.159 1.000
conv 51 -4.671 1.000
conv 69 2.306 1.000
conv 68 -2.744 1.000
conv 50 1.430 1.000
conv 36 -1.816 1.000
conv 20 0.989 1.000
conv 22 4.354 1.000
conv 17 -5.468 1.000
conv 64 2.229 1.000
linear 31 25.855 0.000

conv 59 19.108 1.120
conv 67 -0.941 0.950
conv 74 0.227 0.800
conv 59 -1.851 0.720
conv 32 2.000 0.940
conv 48 12.848 1.010
conv 27 2.506 0.740
conv 13 -25.042 1.000
conv 43 -0.844 1.000
conv 73 2.054 1.000
conv 11 4.155 1.000
conv 2 -4.883 1.000
conv 25 4.630 1.000
conv 42 -5.451 1.000
conv 29 3.760 1.000
conv 50 -2.770 1.000
conv 37 0.534 1.000
conv 6 0.053 1.000
conv 8 -1.183 1.000
conv 41 1.975 1.000
linear 57 6.393 1.000

conv 46 17.278 1.180
conv 43 -0.339 0.940
conv 37 -0.030 0.880
conv 60 -0.757 0.810
conv 0 26.547 0.640
conv 16 -5.349 0.580
conv 30 1.316 1.050
conv 40 -28.750 1.000
conv 34 0.405 1.000
conv 63 1.179 1.000
conv 10 3.068 1.000
conv 21 -5.529 1.000
conv 39 2.852 1.000
conv 3 -2.352 1.000
conv 40 1.261 1.000
conv 62 -1.465 1.000
conv 7 0.408 1.000
conv 6 0.586 1.000
conv 17 -2.057 1.000
conv 50 2.931 1.000
linear 62 -1.444 0.000

conv 32 16.232 0.950
conv 64 -0.068 1.050
conv 32 0.151 0.970
conv 60 0.127 0.940
conv 3 1.099 0.920
conv 6 27.893 1.000
conv 32 -14.336 0.840
conv 50 -21.821 1.000
conv 3 -0.834 1.000
conv 76 1.877 1.000
conv 67 4.298 1.000
conv 57 -4.867 1.000
conv 22 1.551 1.000
conv 10 -1.531 1.000
conv 8 0.988 1.000
conv 19 39.264 1.000
conv 20 -40.016 1.000
conv 47 1.444 1.000
conv 41 -2.655 1.000
conv 34 2.903 1.000
linear 21 52.000 0.000

conv 4 21.815 0.530
conv 14 1.459 1.050
conv 11 -0.034 1.050
conv 51 0.810 0.990
conv 24 7.996 0.930
conv 27 15.180 1.430
conv 7 -6.480 1.240
conv 63 -30.949 1.000
conv 78 0.794 1.000
conv 2 1.105 1.000
conv 60 3.231 1.000
conv 72 -5.843 1.000
conv 3 3.571 1.000
conv 18 -4.315 1.000
conv 20 1.393 1.000
conv 76 -0.878 1.000
conv 1 0.507 1.000
conv 71 0.646 1.000
conv 57 -1.818 1.000
conv 0 3.046 1.000
linear 1 3.232 0.000

conv 17 19.230 0.680
conv 7 -2.112 0.930
conv 20 -0.058 0.900
conv 18 0.707 1.050
conv 69 1.564 1.300
conv 75 12.669 0.990
conv 76 2.314 0.980
conv 19 -25.422 1.010
conv 57 -0.176 1.000
conv 65 1.471 1.000
conv 22 4.186 1.000
conv 1 49.655 1.000
conv 39 -0.816 1.000
conv 76 -15.802 1.000
conv 20 -2.850 1.000
conv 27 -5.610 1.000
conv 43 9.315 1.000
conv 66 -37.150 1.000
conv 0 641.687 1.000
conv 30 -641.721 1.000
linear 49 27.016 1.000

conv 65 17.394 1.040
conv 0 -0.336 1.060
conv 30 0.258 0.740
conv 32 -0.274 0.900
conv 4 1.693 0.860
conv 54 13.414 0.640
conv 54 2.173 0.960
conv 79 -25.162 1.000
conv 79 -0.743 1.000
conv 22 1.960 1.000
conv 59 4.040 1.000
conv 65 -3.578 1.000
conv 62 -1.614 1.000
conv 32 -0.561 1.000
conv 53 1.873 1.000
conv 75 -1.947 1.000
conv 60 0.849 1.000
conv 13 0.522 1.000
conv 0 648.317 1.000
conv 27 -647.707 1.000
linear 72 2.973 0.000

conv 28 18.029 0.680
conv 54 -1.555 1.140
conv 63 0.074 1.080
conv 60 -0.661 0.830
conv 55 1.239 0.660
conv 5 13.594 0.700
conv 11 9.024 0.940
conv 15 -25.851 1.000
conv 75 -4.442 1.000
conv 2 1.643 1.000
conv 72 2.555 1.000
conv 58 -3.985 1.000
conv 25 3.730 1.000
conv 11 -4.798 1.000
conv 18 3.620 1.000
conv 48 -2.672 1.000
conv 5 1.137 1.000
conv 8 32.678 1.000
conv 48 -17.167 0.000
conv 1 -11.323 1.000
linear 21 43.024 0.000

conv 20 19.315 0.920
conv 44 -0.201 1.070
conv 51 -0.139 1.160
conv 18 -0.503 0.950
conv 3 1.831 0.980
conv 19 9.720 1.380
conv 29 4.624 0.960
conv 65 -25.376 1.000
conv 19 -0.357 1.000
conv 28 0.249 1.010
conv 1 5.944 1.000
conv 53 -5.600 1.000
conv 61 2.572 1.000
conv 12 -3.208 1.000
conv 73 1.952 1.000
conv 55 -2.160 1.000
conv 71 0.814 1.000
conv 12 24.030 1.000
conv 6 -23.378 1.000
conv 11 0.576 1.000
linear 23 123.569 1.000

conv 66 17.036 1.110
conv 79 -0.353 0.940
conv 31 0.103 0.820
conv 51 0.372 0.940
conv 32 1.255 0.870
conv 21 10.162 1.010
conv 7 4.969 0.930
conv 54 -24.428 1.000
conv 68 -0.792 1.000
conv 76 2.032 1.000
conv 39 3.816 1.000
conv 53 -4.833 1.000
conv 7 2.245 1.000
conv 1 -1.890 1.000
conv 41 0.528 1.000
conv 63 -1.068 1.000
conv 58 0.581 1.000
conv 75 0.818 1.000
conv 52 -1.569 1.000
conv 75 2.625 1.000
linear 65 15.648 1.000

conv 64 17.378 1.080
conv 38 -0.581 0.930
conv 27 0.052 0.800
conv 1 -0.113 0.870
conv 11 1.465 0.890
conv 15 12.684 0.690
conv 76 2.665 0.960
conv 41 -24.279 1.000
conv 11 -0.777 1.000
conv 72 1.870 1.000
conv 71 3.617 1.000
conv 69 -5.265 1.000
conv 33 7.741 1.000
conv 7 -7.288 1.000
conv 52 2.428 1.000
conv 28 -2.847 1.000
conv 62 0.884 1.000
conv 66 1.398 1.000
conv 8 -2.030 1.000
conv 12 2.181 1.000
linear 44 0.486 0.000

conv 1 22.575 0.950
conv 41 -2.585 1.060
conv 63 -0.042 1.030
conv 64 0.264 0.880
conv 40 -1.097 0.940
conv 34 7.375 0.580
conv 56 2.398 0.860
conv 66 -20.140 1.030
conv 74 0.547 1.000
conv 56 1.057 0.950
conv 10 3.650 1.000
conv 71 -4.797 1.000
conv 34 2.562 1.000
conv 78 -2.592 1.000
conv 38 1.217 1.000
conv 8 -1.521 1.000
conv 25 0.729 1.000
conv 51 0.581 1.000
conv 64 -1.564 1.000
conv 1 2.139 1.000
linear 69 3.197 1.000

conv 12 19.599 0.960
conv 15 3.066 1.060
conv 71 0.138 1.080
conv 64 1.411 1.000
conv 24 -3.392 1.210
conv 69 11.095 0.540
conv 61 2.625 0.680
conv 75 -25.361 1.000
conv 60 0.037 1.000
conv 76 1.233 1.000
conv 44 3.701 1.000
conv 7 -5.101 1.000
conv 15 5.870 1.000
conv 66 -2.780 1.000
conv 60 2.578 1.000
conv 31 -4.751 1.000
conv 42 1.041 1.000
conv 71 -0.739 1.000
conv 33 -1.639 1.000
conv 23 2.101 1.000
linear 23 130.961 1.000

conv 55 17.247 1.040
conv 18 -0.700 0.880
conv 69 0.012 0.760
conv 55 -0.260 0.870
conv 42 1.405 0.880
conv 31 11.794 0.960
conv 42 3.637 0.960
conv 79 -24.406 1.000
conv 40 -0.579 1.000
conv 44 3.308 1.000
conv 5 1.751 1.000
conv 23 -3.412 1.000
conv 69 2.135 1.000
conv 50 -2.984 1.000
conv 46 2.149 1.000
conv 63 -2.303 1.000
conv 33 0.887 1.000
conv 49 0.022 1.000
conv 53 -0.858 1.000
conv 10 2.337 1.000
linear 52 2.366 0.000

conv 2 29.549 1.070
conv 2 15.092 1.030
conv 66 0.184 0.960
conv 20 1.462 0.920
conv 4 -1.398 0.990
conv 71 -17.021 0.760
conv 31 -0.126 0.800
conv 16 14.385 1.000
conv 67 -11.323 0.870
conv 79 -0.064 0.980
conv 40 -20.234 1.000
conv 29 0.963 1.000
conv 62 -0.302 1.000
conv 47 -1.764 1.000
conv 16 -0.609 1.000
conv 52 -0.890 1.000
conv 61 8.648 1.000
conv 10 17.536 1.000
conv 3 -24.848 1.000
conv 60 1.806 1.000
linear 68 -2.276 0.000

conv 5 33.997 1.070
conv 44 -0.503 1.060
conv 40 0.070 1.060
conv 58 2.304 1.030
conv 7 2.159 1.050
conv 38 -5.438 0.990
conv 20 4.412 1.000
conv 66 -28.014 1.000
conv 35 -0.668 1.000
conv 66 1.654 1.000
conv 79 4.239 1.000
conv 10 -4.503 1.000
conv 28 2.250 1.000
conv 65 -2.815 1.000
conv 72 1.488 1.000
conv 24 -2.346 1.000
conv 56 1.703 1.000
conv 22 4.249 1.000
conv 65 -5.411 1.000
conv 40 1.730 1.000
linear 19 193.628 1.000

conv 41 16.661 1.050
conv 32 -0.979 0.870
conv 52 0.074 0.990
conv 24 -0.730 0.890
conv 14 9.420 1.210
conv 65 6.727 0.650
conv 15 7.486 1.180
conv 30 -29.160 1.160
conv 77 1.323 0.840
conv 69 0.412 0.930
conv 24 4.198 0.990
conv 59 -6.551 1.250
conv 37 2.140 1.000
conv 9 -1.682 1.000
conv 32 0.717 1.000
conv 7 58.433 1.000
conv 56 -59.467 1.000
conv 2 0.716 1.000
conv 70 -0.304 1.000
conv 28 1.604 1.000
linear 47 21.057 1.000

conv 6 18.135 0.930
conv 18 -0.738 0.980
conv 28 0.043 0.980
conv 30 6.586 1.000
conv 42 2.452 1.000
conv 39 1.448 1.000
conv 78 4.611 1.000
conv 21 -20.628 0.190
conv 13 -1.148 0.410
conv 32 -0.518 0.650
conv 4 -2.084 0.980
conv 6 0.479 0.990
conv 68 3.915 1.000
conv 30 -3.322 1.000
conv 41 1.911 1.000
conv 32 -1.253 1.000
conv 14 168.326 1.000
conv 65 -1.284 1.000
conv 29 -126.627 0.000
conv 40 -31.119 0.000
linear 79 -10.411 0.000

conv 18 20.977 0.620
conv 66 -2.894 0.930
conv 5 -0.049 0.980
conv 51 0.328 1.000
conv 36 0.687 0.970
conv 6 30.321 1.000
conv 41 -9.343 0.920
conv 77 -31.054 1.000
conv 65 -0.165 1.000
conv 1 2.133 1.000
conv 64 -1.757 0.840
conv 5 3.235 1.000
conv 32 -1.497 1.000
conv 9 -2.033 1.000
conv 6 1.175 1.000
conv 35 -2.088 1.000
conv 9 1.345 1.000
conv 59 0.255 1.000
conv 32 -0.634 1.000
conv 6 1.626 1.000
linear 1 -0.804 0.000

conv 20 17.749 0.920
conv 67 -0.302 1.070
conv 21 -0.017 1.160
conv 50 -0.282 1.020
conv 29 1.895 0.980
conv 35 12.252 0.740
conv 26 2.893 0.940
conv 78 -24.905 1.010
conv 34 -0.098 1.000
conv 1 0.933 1.000
conv 22 -1.716 0.950
conv 40 0.928 1.000
conv 70 2.739 1.000
conv 21 -2.763 1.000
conv 3 0.822 1.000
conv 50 -0.380 1.000
conv 33 -0.132 1.000
conv 53 0.533 1.000
conv 76 -1.585 1.000
conv 49 2.082 1.000
linear 74 2.802 0.000

conv 18 20.587 0.620
conv 59 -2.494 0.930
conv 11 0.085 1.040
conv 5 -1.692 0.910
conv 1 1.478 0.630
conv 78 13.697 0.800
conv 11 8.725 0.930
conv 62 -27.852 1.000
conv 44 -2.984 1.000
conv 57 1.346 1.000
conv 3 2.427 1.000
conv 5 -3.829 1.000
conv 66 2.166 1.000
conv 38 -1.319 1.000
conv 47 -1.206 1.000
conv 44 -0.730 1.000
conv 9 1.088 1.000
conv 30 1.815 1.000
conv 6 -2.649 1.000
conv 34 1.953 1.000
linear 55 9.552 1.000

