conv 25 144.600 12.050
conv 39 -6.853 12.080
conv 63 0.051 12.020
conv 48 -44.752 11.430
conv 75 -0.118 11.250
conv 73 -1.009 10.460
conv 52 -2.563 11.140
conv 14 -21.286 11.790
conv 4 -2.415 11.800
conv 39 -59.284 10.000
conv 56 0.000 10.000
conv 71 1.044 10.000
conv 61 -0.851 10.000
conv 41 0.954 10.000
conv 25 1.763 10.000
conv 42 0.210 10.000
conv 65 3.667 10.000
conv 2 -7.668 10.000
conv 24 2.632 10.000
conv 23 -0.425 10.000
conv 65 -2.344 10.000
conv 15 1.750 10.000
conv 29 0.358 10.000
conv 78 -1.519 10.000
conv 67 0.162 10.000
conv 76 1.053 10.000
conv 57 2.431 10.000
conv 37 -1.653 10.000
conv 10 0.021 10.000
conv 45 -1.497 10.000
conv 24 1.203 10.000
conv 55 -1.295 10.000
conv 54 -1.181 10.000
conv 4 0.249 10.000
conv 3 1.094 10.000
conv 36 1.854 10.000
linear 65 -1.541 0.000

conv 42 133.453 12.000
conv 79 -6.203 12.050
conv 56 0.068 11.970
conv 67 -39.739 11.400
conv 20 0.343 11.390
conv 67 -0.180 10.870
conv 57 -4.654 11.570
conv 2 -19.960 11.750
conv 69 -2.437 11.960
conv 67 -55.087 10.000
conv 43 0.000 10.000
conv 47 0.497 10.000
conv 18 -0.024 10.000
conv 59 0.678 10.000
conv 72 2.414 10.000
conv 7 -3.680 10.000
conv 1 5.880 10.000
conv 32 -5.043 10.000
conv 59 0.103 10.000
conv 59 1.067 10.000
conv 32 -2.661 10.000
conv 74 1.608 10.000
conv 26 4.117 10.000
conv 66 -3.224 10.000
conv 26 -0.314 10.000
conv 42 5.171 10.000
conv 61 1.459 10.000
conv 32 -1.216 10.000
conv 17 1.104 10.000
conv 16 -7.529 10.000
conv 39 1.529 10.000
conv 13 25.366 10.000
conv 6 -1.676 10.000
conv 51 -1.038 10.000
conv 17 -7.942 10.000
conv 22 6.553 10.000
linear 20 -21.242 0.000

conv 28 144.494 11.900
conv 15 -6.132 12.090
conv 21 -0.002 11.920
conv 10 -48.200 10.790
conv 37 6.223 12.380
conv 52 3.760 10.300
conv 47 -4.019 11.370
conv 30 -28.001 12.080
conv 55 -0.521 11.670
conv 4 -61.516 10.000
conv 72 0.000 10.000
conv 58 0.274 10.000
conv 79 -0.130 10.000
conv 13 0.985 10.000
conv 45 1.884 10.000
conv 29 -3.406 10.000
conv 33 5.649 10.000
conv 60 -4.471 10.000
conv 78 0.126 10.000
conv 30 0.428 10.000
conv 7 -2.189 10.000
conv 33 1.574 10.000
conv 58 0.828 10.000
conv 46 -1.966 10.000
conv 28 0.637 10.000
conv 3 0.551 10.000
conv 20 1.386 10.000
conv 45 -0.228 10.000
conv 42 -0.934 10.000
conv 23 -0.658 10.000
conv 21 1.420 10.000
conv 13 28.393 10.000
conv 28 -2.261 10.000
conv 36 -1.162 10.000
conv 48 -9.434 10.000
conv 39 6.151 10.000
linear 2 -22.693 10.000

conv 19 134.927 12.170
conv 48 -7.763 12.180
conv 0 -0.050 11.700
conv 44 -39.599 11.320
conv 71 -0.028 10.830
conv 27 3.860 10.460
conv 66 -6.624 10.630
conv 70 -19.484 11.450
conv 32 -2.385 11.520
conv 64 -56.892 10.000
conv 58 0.000 10.000
conv 62 0.512 10.000
conv 55 0.032 10.000
conv 22 0.746 10.000
conv 35 2.325 10.000
conv 23 -3.695 10.000
conv 39 5.384 10.000
conv 57 -4.792 10.000
conv 78 0.276 10.000
conv 79 0.334 10.000
conv 66 -1.888 10.000
conv 79 1.651 10.000
conv 51 0.363 10.000
conv 19 -0.320 10.000
conv 4 -0.547 10.000
conv 7 0.140 10.000
conv 2 1.694 10.000
conv 19 54.881 0.000
conv 61 -56.274 10.000
conv 2 -0.630 10.000
conv 66 1.179 10.000
conv 38 -1.155 10.000
conv 43 -0.638 10.000
conv 26 0.660 10.000
conv 33 -0.626 10.000
conv 73 4.081 10.000
linear 14 -2.818 10.000

conv 25 152.673 12.050
conv 33 -6.636 12.090
conv 7 0.001 11.970
conv 6 -52.322 10.570
conv 49 4.520 11.210
conv 66 -1.948 10.290
conv 54 -2.126 11.030
conv 57 -21.999 11.880
conv 71 -2.524 11.840
conv 51 -63.253 10.000
conv 14 0.000 10.000
conv 73 0.254 10.000
conv 41 -0.320 10.000
conv 64 0.876 10.000
conv 8 1.973 10.000
conv 11 -3.162 10.000
conv 28 2.028 10.000
conv 15 -1.079 10.000
conv 47 1.411 10.000
conv 19 3.906 10.000
conv 17 -6.740 10.000
conv 39 2.169 10.000
conv 35 16.069 10.000
conv 69 54.017 10.000
conv 28 -39.969 10.000
conv 65 -7.691 0.000
conv 60 1.320 0.000
conv 38 11.957 0.000
conv 50 1.366 0.000
conv 60 -38.199 10.000
conv 58 1.364 10.000
conv 62 -2.254 10.000
conv 77 -0.718 10.000
conv 58 0.573 10.000
conv 56 0.480 10.000
conv 77 2.761 10.000
linear 7 -1.940 10.000

conv 23 150.622 11.870
conv 72 -5.762 12.060
conv 18 0.042 11.940
conv 71 -46.269 11.360
conv 35 -0.156 11.150
conv 62 -2.095 10.150
conv 18 -2.409 11.110
conv 27 -23.616 11.900
conv 9 -2.235 11.890
conv 64 -61.934 10.000
conv 13 0.000 10.000
conv 18 0.306 10.000
conv 39 -0.033 10.000
conv 58 1.108 10.000
conv 44 7.896 10.000
conv 19 -10.102 10.000
conv 67 6.164 10.000
conv 2 -4.261 10.000
conv 18 -0.279 10.000
conv 40 0.391 10.000
conv 1 -2.094 10.000
conv 44 1.575 10.000
conv 72 0.638 10.000
conv 11 -0.445 10.000
conv 10 1.169 10.000
conv 49 -0.506 10.000
conv 49 -0.943 10.000
conv 70 0.045 10.000
conv 39 1.500 10.000
conv 17 -2.443 10.000
conv 12 1.677 10.000
conv 6 -1.567 10.000
conv 66 -0.647 10.000
conv 49 0.653 10.000
conv 31 -0.642 10.000
conv 74 3.736 10.000
linear 39 4.863 0.000

conv 41 137.024 11.950
conv 51 -6.389 12.070
conv 24 -0.022 11.950
conv 29 -40.331 11.420
conv 38 -0.132 11.200
conv 61 -2.315 10.430
conv 18 -2.253 11.240
conv 20 -22.115 11.770
conv 53 -1.759 11.800
conv 11 -55.540 10.000
conv 37 0.000 10.000
conv 42 -0.110 10.000
conv 36 3.060 10.000
conv 56 -2.104 10.000
conv 50 1.789 10.000
conv 6 -3.313 10.000
conv 17 5.931 10.000
conv 17 -4.608 10.000
conv 62 0.910 10.000
conv 47 0.185 10.000
conv 11 -2.662 10.000
conv 38 1.496 10.000
conv 61 0.602 10.000
conv 44 3.252 10.000
conv 16 -4.240 10.000
conv 1 0.682 10.000
conv 7 1.230 10.000
conv 13 4.802 10.000
conv 18 -5.827 10.000
conv 72 -0.873 10.000
conv 26 1.402 10.000
conv 34 2.885 10.000
conv 79 -0.922 10.000
conv 63 0.945 10.000
conv 59 -4.523 10.000
conv 68 1.597 10.000
linear 74 -0.912 10.000

conv 51 141.186 11.960
conv 73 -6.645 12.080
conv 12 0.036 11.960
conv 67 -41.968 11.460
conv 69 -0.318 11.220
conv 15 40.775 10.650
conv 72 -45.278 11.190
conv 35 -20.525 11.760
conv 22 -2.019 11.830
conv 40 -59.627 10.000
conv 28 0.000 10.000
conv 66 0.314 10.000
conv 70 -0.342 10.000
conv 32 0.641 10.000
conv 38 4.127 10.000
conv 19 -5.341 10.000
conv 71 6.327 10.000
conv 58 -5.439 10.000
conv 16 0.960 10.000
conv 35 0.366 10.000
conv 34 -0.351 10.000
conv 70 -0.426 10.000
conv 1 0.528 10.000
conv 4 -1.680 10.000
conv 3 -0.331 10.000
conv 5 3.770 10.000
conv 21 -2.174 10.000
conv 62 1.231 10.000
conv 41 -0.325 10.000
conv 17 -1.688 10.000
conv 24 1.566 10.000
conv 32 0.800 10.000
conv 29 2.952 10.000
conv 61 -3.703 10.000
conv 18 -1.556 10.000
conv 38 1.919 10.000
linear 33 -0.922 10.000

conv 37 154.236 11.910
conv 3 -7.155 12.050
conv 45 0.066 11.970
conv 17 -46.611 11.500
conv 26 10.951 11.970
conv 46 -2.502 10.670
conv 67 -3.202 11.390
conv 5 -34.057 13.850
conv 78 -3.059 13.890
conv 14 -62.853 10.000
conv 40 0.000 10.000
conv 52 0.407 10.000
conv 63 1.390 10.000
conv 75 -0.404 10.000
conv 18 4.673 10.000
conv 65 -6.125 10.000
conv 7 4.713 10.000
conv 13 2.055 10.000
conv 18 -0.742 10.000
conv 12 3.643 10.000
conv 61 1.123 10.000
conv 47 -1.702 10.000
conv 36 0.110 10.000
conv 73 1.995 10.000
conv 79 0.375 10.000
conv 37 -2.463 0.000
conv 3 -0.003 10.000
conv 33 0.926 10.000
conv 36 -1.871 10.000
conv 33 -4.726 10.000
conv 78 0.566 10.000
conv 57 -3.663 10.000
conv 71 -0.178 10.000
conv 8 -0.269 10.000
conv 43 -0.058 10.000
conv 3 3.109 10.000
linear 50 -1.868 0.000

conv 25 153.145 12.050
conv 60 -7.196 12.090
conv 20 -0.012 11.990
conv 69 -48.366 11.440
conv 62 -0.240 11.250
conv 23 -0.426 10.380
conv 36 -1.403 11.060
conv 49 -22.762 11.760
conv 8 -2.353 11.750
conv 41 -63.815 10.000
conv 44 0.000 10.000
conv 11 1.574 10.000
conv 9 7.939 0.000
conv 26 -8.061 10.000
conv 25 1.380 10.000
conv 22 9.337 10.000
conv 64 -0.957 10.000
conv 7 -5.012 10.000
conv 11 -4.354 10.000
conv 53 -0.307 10.000
conv 28 -2.712 10.000
conv 34 1.582 10.000
conv 30 0.598 10.000
conv 38 -2.327 10.000
conv 61 0.991 10.000
conv 59 0.838 10.000
conv 58 1.606 10.000
conv 44 -0.464 10.000
conv 17 -0.909 10.000
conv 66 -1.199 10.000
conv 6 1.688 10.000
conv 65 -1.971 10.000
conv 4 -0.638 10.000
conv 5 0.399 10.000
conv 63 0.531 10.000
conv 54 2.449 10.000
linear 59 -1.702 0.000

conv 24 136.933 12.040
conv 40 -5.979 12.140
conv 23 0.047 12.070
conv 65 -40.902 11.550
conv 51 -0.080 11.480
conv 13 -1.758 10.780
conv 8 -2.710 11.910
conv 67 -20.735 12.000
conv 20 -1.813 11.690
conv 42 -56.605 10.000
conv 29 0.000 10.000
conv 44 0.173 10.000
conv 14 2.717 10.000
conv 0 18.743 10.000
conv 27 15.110 10.000
conv 11 -1.616 10.000
conv 38 -30.817 10.000
conv 57 -3.663 10.000
conv 27 1.319 10.000
conv 7 7.950 10.000
conv 9 -10.836 10.000
conv 49 1.969 10.000
conv 67 0.256 10.000
conv 40 -1.354 10.000
conv 11 0.271 10.000
conv 21 -0.885 10.000
conv 78 3.080 10.000
conv 67 -0.292 10.000
conv 42 -0.957 10.000
conv 30 3.497 10.000
conv 74 -2.943 10.000
conv 56 -2.218 10.000
conv 40 -0.559 10.000
conv 71 0.484 10.000
conv 26 -0.226 10.000
conv 13 3.516 10.000
linear 61 -2.269 0.000

conv 41 141.495 11.950
conv 78 -6.414 12.080
conv 53 0.042 11.970
conv 57 -42.624 11.400
conv 44 -0.170 11.250
conv 11 -2.155 10.470
conv 7 -1.962 11.250
conv 21 -21.843 11.880
conv 53 -2.130 11.870
conv 4 -58.063 10.000
conv 55 0.000 10.000
conv 54 0.241 10.000
conv 70 -0.248 10.000
conv 47 0.852 10.000
conv 76 2.056 10.000
conv 48 -3.475 10.000
conv 10 5.770 10.000
conv 12 -4.386 10.000
conv 70 1.166 10.000
conv 60 -0.557 10.000
conv 54 -1.744 10.000
conv 57 1.023 10.000
conv 53 0.849 10.000
conv 47 -0.676 10.000
conv 41 -0.460 10.000
conv 40 0.639 10.000
conv 25 1.088 10.000
conv 40 0.255 10.000
conv 71 -1.285 10.000
conv 50 -0.226 10.000
conv 61 0.700 10.000
conv 45 -0.716 10.000
conv 62 0.463 10.000
conv 20 82.846 10.000
conv 33 -77.189 10.000
conv 45 -5.593 10.000
linear 44 -0.731 10.000

conv 33 134.648 11.910
conv 12 -5.205 12.040
conv 19 0.061 12.330
conv 1 -40.617 12.430
conv 44 -0.083 12.340
conv 38 0.562 11.080
conv 34 -3.537 11.640
conv 39 -19.587 12.370
conv 66 -1.858 12.520
conv 68 -57.478 10.000
conv 59 0.000 10.000
conv 26 0.705 10.000
conv 23 17.318 10.000
conv 44 -17.316 10.000
conv 6 1.945 10.000
conv 49 -3.465 10.000
conv 76 6.377 10.000
conv 32 -4.973 10.000
conv 70 1.108 10.000
conv 65 -0.235 10.000
conv 29 -2.800 10.000
conv 27 1.824 10.000
conv 10 0.785 10.000
conv 1 -1.444 10.000
conv 44 0.524 10.000
conv 67 0.847 10.000
conv 5 1.349 10.000
conv 44 -0.609 10.000
conv 31 -1.072 10.000
conv 57 -0.594 10.000
conv 34 1.351 10.000
conv 24 2.878 10.000
conv 35 -0.137 0.000
conv 49 -0.298 10.000
conv 27 -3.336 10.000
conv 27 -0.340 10.000
linear 75 -0.455 10.000

conv 33 144.485 11.910
conv 22 -6.478 12.040
conv 64 0.052 11.940
conv 28 -44.834 11.400
conv 77 -0.087 11.190
conv 61 -3.646 10.330
conv 39 -0.593 11.220
conv 32 47.941 11.000
conv 29 -72.493 11.950
conv 67 -58.203 10.000
conv 28 0.000 10.000
conv 2 10.596 10.000
conv 24 -3.418 10.000
conv 69 4.263 10.000
conv 3 -4.430 10.000
conv 0 -0.291 10.000
conv 33 -1.098 10.000
conv 63 -4.249 10.000
conv 58 0.327 10.000
conv 33 -0.091 10.000
conv 17 -2.110 10.000
conv 63 1.506 10.000
conv 68 0.595 10.000
conv 70 -1.195 10.000
conv 4 0.459 10.000
conv 12 5.528 10.000
conv 66 -4.382 10.000
conv 77 -0.303 10.000
conv 12 -0.578 10.000
conv 10 -1.221 10.000
conv 11 1.723 10.000
conv 18 -1.825 10.000
conv 56 -0.624 10.000
conv 50 3.215 10.000
conv 17 -2.526 10.000
conv 59 3.105 10.000
linear 72 -2.284 10.000

conv 55 152.151 12.010
conv 26 -7.997 12.090
conv 50 0.010 11.990
conv 64 -45.153 11.400
conv 13 -1.416 11.310
conv 29 -2.398 10.190
conv 1 -3.469 11.030
conv 62 -20.270 11.810
conv 56 -2.777 11.930
conv 26 -63.464 10.000
conv 76 0.000 10.000
conv 68 0.724 10.000
conv 39 -0.155 10.000
conv 65 0.987 10.000
conv 47 2.845 10.000
conv 79 -4.256 10.000
conv 14 3.620 10.000
conv 45 -2.911 10.000
conv 8 18.788 10.000
conv 0 27.690 10.000
conv 11 1.446 10.000
conv 28 0.997 10.000
conv 34 -0.161 10.000
conv 10 -3.705 10.000
conv 68 -0.774 10.000
conv 4 3.898 10.000
conv 6 -1.246 10.000
conv 37 24.317 10.000
conv 63 1.552 10.000
conv 43 -62.981 10.000
conv 75 0.821 10.000
conv 61 -11.473 10.000
conv 18 -0.599 10.000
conv 28 0.669 10.000
conv 34 -0.006 10.000
conv 54 3.210 10.000
linear 79 -1.684 10.000

conv 33 157.310 11.910
conv 38 -6.518 12.090
conv 10 -0.012 11.940
conv 37 -48.045 11.370
conv 49 -0.139 11.180
conv 67 -1.764 10.460
conv 64 -2.478 11.190
conv 47 -23.585 11.860
conv 23 -2.469 11.890
conv 65 -66.339 10.000
conv 72 0.000 10.000
conv 25 -0.166 10.000
conv 32 0.399 10.000
conv 60 0.248 10.000
conv 27 0.138 10.000
conv 5 -0.618 10.000
conv 46 4.667 10.000
conv 14 -4.676 10.000
conv 5 1.869 10.000
conv 41 0.008 10.000
conv 35 -2.622 10.000
conv 31 1.288 10.000
conv 45 0.791 10.000
conv 47 -1.118 10.000
conv 61 0.185 10.000
conv 21 -1.528 10.000
conv 43 3.921 10.000
conv 18 -0.556 10.000
conv 43 -0.125 10.000
conv 57 -1.821 10.000
conv 68 1.409 10.000
conv 28 -2.296 10.000
conv 28 -0.462 10.000
conv 60 0.116 10.000
conv 16 0.640 10.000
conv 77 2.838 10.000
linear 16 75.217 0.000

conv 4 120.870 12.060
conv 8 3.321 12.510
conv 50 -8.595 12.030
conv 42 -35.489 12.120
conv 16 23.328 10.810
conv 67 -3.756 11.340
conv 3 -4.462 11.830
conv 49 -34.463 12.940
conv 34 -2.802 13.220
conv 52 -51.739 10.000
conv 8 0.000 10.000
conv 73 0.729 10.000
conv 4 -0.283 10.000
conv 74 0.792 10.000
conv 16 1.756 10.000
conv 72 -3.204 10.000
conv 26 0.863 10.000
conv 54 -0.137 10.000
conv 63 1.547 10.000
conv 55 -0.693 10.000
conv 54 -2.599 10.000
conv 47 1.522 10.000
conv 35 1.148 10.000
conv 29 0.916 10.000
conv 39 -2.018 10.000
conv 17 2.081 10.000
conv 40 -0.057 10.000
conv 68 -0.156 10.000
conv 74 -1.143 10.000
conv 7 -0.596 10.000
conv 53 1.273 10.000
conv 35 1.472 10.000
conv 26 1.195 10.000
conv 27 0.929 10.000
conv 47 -4.455 10.000
conv 41 1.410 10.000
linear 60 -1.666 0.000

conv 61 170.688 11.950
conv 37 -7.774 12.090
conv 10 0.046 11.980
conv 29 -52.866 11.410
conv 31 -0.119 11.220
conv 8 -3.308 10.500
conv 11 -2.058 11.240
conv 76 -25.258 11.720
conv 5 -2.653 11.890
conv 45 -70.365 10.000
conv 15 0.000 10.000
conv 9 18.814 10.000
conv 22 5.113 10.000
conv 44 0.850 10.000
conv 52 -3.556 10.000
conv 17 -10.044 10.000
conv 28 -10.392 10.000
conv 13 10.219 10.000
conv 43 -5.343 10.000
conv 39 4.429 10.000
conv 66 -0.662 10.000
conv 7 0.180 10.000
conv 77 -1.890 10.000
conv 50 1.084 10.000
conv 21 -0.924 10.000
conv 42 -2.857 10.000
conv 79 2.087 10.000
conv 11 -2.790 10.000
conv 78 1.337 10.000
conv 63 -4.098 10.000
conv 4 0.691 10.000
conv 54 -2.861 10.000
conv 13 -0.527 10.000
conv 59 0.604 10.000
conv 37 0.026 10.000
conv 62 3.331 10.000
linear 47 -0.810 0.000

conv 77 128.354 11.950
conv 36 -6.666 12.080
conv 53 0.005 11.990
conv 29 -37.803 11.390
conv 52 -0.141 11.290
conv 27 3.559 10.510
conv 18 -7.061 11.240
conv 33 -19.096 11.870
conv 45 -2.197 11.820
conv 14 -52.959 10.000
conv 68 0.000 10.000
conv 70 0.163 10.000
conv 49 -0.154 10.000
conv 55 0.460 10.000
conv 66 2.368 10.000
conv 37 -3.208 10.000
conv 31 7.245 10.000
conv 63 -6.846 10.000
conv 51 1.613 10.000
conv 53 -0.832 10.000
conv 3 -2.097 10.000
conv 17 5.279 10.000
conv 10 -3.163 10.000
conv 37 -1.135 10.000
conv 44 0.239 10.000
conv 11 2.088 10.000
conv 43 0.855 10.000
conv 38 -0.088 10.000
conv 16 -0.122 10.000
conv 24 -0.464 10.000
conv 71 -0.632 10.000
conv 48 -1.797 10.000
conv 14 -0.574 10.000
conv 74 0.591 10.000
conv 35 -0.266 10.000
conv 16 3.042 10.000
linear 19 47.376 0.000

conv 72 158.424 11.940
conv 63 -7.843 12.100
conv 49 0.006 12.040
conv 3 -47.800 11.450
conv 67 0.077 11.570
conv 26 -1.657 10.410
conv 35 -2.822 11.280
conv 52 -20.747 12.350
conv 34 -5.581 11.840
conv 66 -66.093 10.000
conv 68 0.000 10.000
conv 62 0.424 10.000
conv 68 -0.062 10.000
conv 34 0.801 10.000
conv 59 4.947 10.000
conv 56 -6.751 10.000
conv 45 5.453 10.000
conv 50 -3.986 10.000
conv 70 1.040 10.000
conv 45 -0.346 10.000
conv 24 -2.125 10.000
conv 15 1.579 10.000
conv 21 0.762 10.000
conv 74 -0.504 10.000
conv 14 -0.818 10.000
conv 22 2.518 10.000
conv 8 -0.915 10.000
conv 34 0.076 10.000
conv 22 -0.869 10.000
conv 77 -0.959 10.000
conv 5 1.443 10.000
conv 44 -0.239 10.000
conv 25 -1.211 10.000
conv 14 1.265 10.000
conv 75 -1.732 10.000
conv 34 3.110 10.000
linear 35 -2.001 0.000

conv 76 126.804 11.960
conv 54 -6.972 12.110
conv 44 -0.004 11.980
conv 13 -37.003 11.430
conv 54 -0.694 11.280
conv 75 -1.498 10.480
conv 47 -2.335 11.210
conv 31 -17.554 11.830
conv 62 -1.997 11.810
conv 33 -52.601 10.000
conv 58 0.000 10.000
conv 79 -0.237 10.000
conv 20 6.167 10.000
conv 46 -4.458 10.000
conv 17 1.190 10.000
conv 66 -2.820 10.000
conv 69 5.543 10.000
conv 31 -4.468 10.000
conv 55 0.648 10.000
conv 79 -0.217 10.000
conv 64 -2.183 10.000
conv 25 0.542 10.000
conv 37 1.168 10.000
conv 71 -0.859 10.000
conv 78 0.085 10.000
conv 78 0.541 10.000
conv 53 2.132 10.000
conv 44 -1.042 10.000
conv 27 -0.304 10.000
conv 65 -1.144 10.000
conv 61 1.200 10.000
conv 22 9.062 10.000
conv 35 3.828 10.000
conv 18 -2.800 10.000
conv 14 -9.137 10.000
conv 43 -0.491 10.000
linear 49 -0.502 0.000

conv 31 135.780 11.950
conv 5 -5.979 12.150
conv 4 0.034 11.980
conv 2 -41.818 10.830
conv 71 0.711 11.140
conv 22 11.823 9.870
conv 31 -16.403 11.230
conv 70 -19.403 11.830
conv 72 -2.408 11.850
conv 67 -56.698 10.000
conv 18 0.000 10.000
conv 13 0.623 10.000
conv 78 -0.172 10.000
conv 2 0.702 10.000
conv 49 7.150 10.000
conv 44 -8.700 10.000
conv 56 5.443 10.000
conv 67 -4.185 10.000
conv 37 1.244 10.000
conv 35 -0.187 10.000
conv 59 -2.351 10.000
conv 26 4.232 10.000
conv 35 -2.075 10.000
conv 39 -0.135 10.000
conv 31 -0.795 10.000
conv 74 0.302 10.000
conv 30 1.395 10.000
conv 8 -0.604 10.000
conv 62 -0.839 10.000
conv 1 -0.680 10.000
conv 14 1.591 10.000
conv 63 -1.918 10.000
conv 57 -0.507 10.000
conv 48 0.554 10.000
conv 23 -0.651 10.000
conv 18 4.457 10.000
linear 29 18.407 0.000

conv 43 127.293 11.960
conv 63 -5.881 12.100
conv 36 0.004 11.950
conv 68 -37.895 11.370
conv 37 3.021 12.210
conv 44 -0.825 10.610
conv 50 -1.439 11.680
conv 47 -21.451 11.620
conv 19 -2.960 12.660
conv 14 -50.371 12.280
conv 19 0.794 12.470
conv 8 0.087 9.320
conv 45 -0.848 8.620
conv 62 -0.405 8.280
conv 20 0.557 9.410
conv 10 2.362 10.440
conv 77 -1.570 6.610
conv 44 -1.001 10.000
conv 6 26.585 10.000
conv 9 4.117 10.000
conv 18 0.663 10.000
conv 28 -6.977 10.000
conv 36 1.813 10.000
conv 6 -5.460 10.000
conv 20 -21.347 10.000
conv 15 -2.390 10.000
conv 57 -1.678 10.000
conv 22 4.021 10.000
conv 42 2.897 10.000
conv 77 -6.751 10.000
conv 37 -0.272 10.000
conv 35 5.446 10.000
conv 36 1.334 10.000
conv 14 0.862 10.000
conv 78 -5.568 10.000
conv 37 1.234 10.000
linear 60 -1.162 0.000

conv 37 129.478 11.910
conv 61 -6.157 12.050
conv 20 0.019 11.970
conv 66 -39.011 11.520
conv 4 0.098 11.220
conv 5 -1.857 10.410
conv 25 -1.612 11.440
conv 11 -18.549 11.820
conv 44 -2.221 11.810
conv 72 -53.952 10.000
conv 4 0.000 10.000
conv 30 -0.249 10.000
conv 37 0.399 10.000
conv 47 -0.224 10.000
conv 14 15.454 10.000
conv 29 -16.826 10.000
conv 9 7.614 10.000
conv 3 -5.396 10.000
conv 62 0.936 10.000
conv 79 0.398 10.000
conv 37 -2.736 10.000
conv 52 1.603 10.000
conv 19 0.589 10.000
conv 13 1.643 10.000
conv 45 -2.181 10.000
conv 65 0.125 10.000
conv 34 1.260 10.000
conv 11 -0.556 10.000
conv 77 -0.820 10.000
conv 16 -0.672 10.000
conv 0 1.635 10.000
conv 26 -3.068 10.000
conv 29 -1.065 10.000
conv 27 2.156 10.000
conv 29 -0.720 10.000
conv 20 2.698 10.000
linear 27 24.265 0.000

conv 53 127.446 11.940
conv 3 -6.380 12.070
conv 57 0.074 11.980
conv 47 -38.539 11.310
conv 78 -0.020 11.240
conv 29 -0.045 10.440
conv 29 2.054 11.830
conv 24 -22.146 11.630
conv 75 -2.265 11.700
conv 11 -54.310 10.000
conv 76 0.000 10.000
conv 69 -0.442 10.000
conv 77 0.661 10.000
conv 73 0.667 10.000
conv 33 3.270 10.000
conv 75 -4.733 10.000
conv 49 6.248 10.000
conv 20 -6.358 10.000
conv 37 1.813 10.000
conv 75 0.392 10.000
conv 54 -0.302 10.000
conv 61 -0.365 10.000
conv 29 -0.402 10.000
conv 53 0.112 10.000
conv 0 0.187 10.000
conv 17 1.671 10.000
conv 10 0.482 10.000
conv 39 3.882 10.000
conv 79 -5.835 10.000
conv 28 17.493 10.000
conv 55 -16.395 10.000
conv 10 12.304 10.000
conv 7 3.134 10.000
conv 52 -3.150 10.000
conv 78 -6.114 10.000
conv 44 0.753 10.000
linear 39 -0.903 0.000

conv 9 135.956 12.470
conv 48 -6.118 12.470
conv 33 0.025 12.470
conv 61 -37.808 11.440
conv 46 2.515 11.440
conv 30 4.530 10.040
conv 55 -6.478 10.670
conv 16 -18.334 13.400
conv 63 -7.787 12.940
conv 10 -60.387 11.100
conv 62 -0.080 11.050
conv 34 0.518 9.540
conv 29 -0.403 9.130
conv 67 0.933 9.690
conv 7 1.375 9.710
conv 20 1.408 9.380
conv 79 1.513 10.000
conv 53 -4.472 9.990
conv 9 11.216 10.000
conv 0 -2.253 10.000
conv 62 2.191 10.000
conv 71 -3.259 10.000
conv 59 -0.456 10.000
conv 56 1.053 10.000
conv 22 -0.652 10.000
conv 16 1.481 10.000
conv 1 -2.372 10.000
conv 64 2.098 10.000
conv 13 -1.517 10.000
conv 74 -4.909 10.000
conv 53 -1.032 10.000
conv 23 13.315 10.000
conv 20 -2.485 10.000
conv 28 -1.388 10.000
conv 51 -4.785 10.000
conv 42 6.529 10.000
linear 2 -12.843 10.000

conv 24 146.379 12.040
conv 19 -6.964 12.200
conv 58 0.018 12.070
conv 63 -41.976 11.520
conv 3 -0.167 11.450
conv 37 1.251 10.540
conv 64 -6.100 11.870
conv 58 -21.589 11.790
conv 41 -1.996 12.080
conv 69 -62.940 10.000
conv 76 0.000 10.000
conv 54 0.384 10.000
conv 11 -0.293 10.000
conv 28 0.812 10.000
conv 58 1.252 10.000
conv 16 -2.820 10.000
conv 62 5.750 10.000
conv 5 -4.422 10.000
conv 63 1.542 10.000
conv 60 -0.883 10.000
conv 31 -2.515 10.000
conv 76 1.947 10.000
conv 50 0.610 10.000
conv 42 -1.245 10.000
conv 78 0.524 10.000
conv 66 0.753 10.000
conv 60 1.003 10.000
conv 71 -0.466 10.000
conv 25 -1.115 10.000
conv 34 -0.023 10.000
conv 25 1.193 10.000
conv 76 -1.865 10.000
conv 19 -0.848 10.000
conv 52 0.962 10.000
conv 71 -0.924 10.000
conv 37 4.178 10.000
linear 28 7.790 0.000

conv 24 132.848 12.040
conv 28 -6.906 12.200
conv 54 0.011 12.060
conv 32 -41.617 11.600
conv 58 -0.238 11.490
conv 42 1.281 10.200
conv 30 -5.135 11.870
conv 76 -16.793 11.900
conv 44 -2.226 12.000
conv 35 -55.265 10.000
conv 9 0.000 10.000
conv 61 1.329 10.000
conv 3 -1.022 10.000
conv 53 1.004 10.000
conv 13 4.971 10.000
conv 35 -6.258 10.000
conv 46 5.944 10.000
conv 39 119.972 10.000
conv 5 -1.234 10.000
conv 13 67.025 10.000
conv 77 2.059 10.000
conv 29 -1.156 10.000
conv 74 -2.644 10.000
conv 37 -3.947 10.000
conv 22 -5.415 10.000
conv 69 18.391 10.000
conv 74 0.622 10.000
conv 65 18.527 10.000
conv 29 2.043 10.000
conv 76 -176.504 0.000
conv 51 0.102 0.000
conv 47 -41.691 10.000
conv 45 -0.505 10.000
conv 12 -0.346 10.000
conv 18 -1.935 10.000
conv 73 4.484 10.000
linear 21 24.009 0.000

conv 73 143.476 11.930
conv 34 -7.298 12.100
conv 63 0.023 11.980
conv 1 -43.703 11.400
conv 10 0.891 11.700
conv 0 -3.198 10.630
conv 42 -2.131 11.850
conv 4 -25.328 11.860
conv 55 1.709 12.140
conv 1 -47.400 12.580
conv 33 -0.660 11.270
conv 66 0.090 10.330
conv 51 0.356 10.900
conv 79 0.167 10.870
conv 37 -0.456 10.530
conv 77 -0.256 10.430
conv 2 -5.083 10.320
conv 13 0.587 9.230
conv 19 0.295 10.000
conv 66 3.166 10.000
conv 78 0.855 10.000
conv 26 -0.078 10.000
conv 49 -0.978 10.000
conv 21 -2.711 10.000
conv 9 3.002 10.000
conv 29 -2.045 10.000
conv 43 0.701 10.000
conv 62 -2.356 10.000
conv 39 0.441 10.000
conv 12 4.192 10.000
conv 37 -7.414 10.000
conv 63 -3.295 10.000
conv 63 -0.220 10.000
conv 40 14.239 10.000
conv 50 -12.301 10.000
conv 29 1.148 10.000
linear 15 4.478 0.000

conv 68 125.193 11.980
conv 65 -6.238 12.110
conv 69 0.022 12.070
conv 16 -37.426 11.450
conv 63 -0.195 11.210
conv 3 21.298 11.290
conv 17 -25.036 11.120
conv 1 -18.984 12.930
conv 76 -1.120 11.820
conv 10 -44.810 9.680
conv 35 13.423 11.330
conv 24 -13.910 7.770
conv 5 -0.474 7.020
conv 72 0.141 6.670
conv 67 1.291 7.420
conv 77 -1.409 7.010
conv 24 -1.100 9.060
conv 13 0.325 10.000
conv 46 -0.652 10.000
conv 35 3.449 10.000
conv 49 1.171 10.000
conv 47 -1.177 10.000
conv 19 0.509 10.000
conv 22 0.954 10.000
conv 23 -0.787 10.000
conv 50 -2.171 10.000
conv 43 1.346 10.000
conv 79 -2.309 10.000
conv 22 1.208 10.000
conv 76 -3.938 10.000
conv 50 0.426 10.000
conv 76 -3.115 10.000
conv 32 -0.558 10.000
conv 65 0.617 10.000
conv 20 0.331 10.000
conv 14 3.058 10.000
linear 12 34.179 0.000

