conv 28 30.009 10.120
conv 32 -4.292 10.780
conv 40 -0.242 10.030
conv 3 -3.016 9.670
conv 78 -8.826 8.520
conv 29 0.062 12.340
conv 39 10.388 8.680
conv 29 -15.012 9.470
conv 58 2.275 9.770
conv 67 -3.142 9.450
conv 47 -0.391 9.700
conv 45 -0.501 10.000
conv 19 -1.834 10.000
conv 11 3.004 10.000
conv 51 -3.658 10.000
conv 15 -1.106 10.000
conv 74 3.064 10.000
conv 41 1.057 10.000
conv 45 -3.761 10.000
conv 3 -0.245 10.000
linear 19 70.159 0.000

conv 8 45.986 10.150
conv 25 -15.711 10.510
conv 8 1.174 11.270
conv 44 -10.410 9.750
conv 31 -3.662 9.360
conv 26 0.099 8.790
conv 45 8.046 7.900
conv 31 -18.031 10.000
conv 71 -0.439 10.000
conv 14 -1.324 10.000
conv 74 2.500 10.000
conv 39 3.638 10.000
conv 22 0.025 10.000
conv 45 -1.082 10.000
conv 11 -3.432 10.000
conv 16 -3.571 10.000
conv 0 3.128 10.000
conv 41 0.990 10.000
conv 51 -4.092 10.000
conv 76 0.168 10.000
linear 73 2.836 0.000

conv 69 31.065 11.270
conv 29 -2.946 10.290
conv 56 -0.323 9.850
conv 3 -2.925 8.750
conv 62 -8.561 8.020
conv 33 3.932 8.550
conv 2 3.390 7.810
conv 67 -16.775 10.000
conv 62 -0.312 10.000
conv 48 -1.220 10.000
conv 3 2.253 10.000
conv 47 -2.335 10.000
conv 11 1.367 10.000
conv 21 -1.103 10.000
conv 68 -1.470 10.000
conv 2 0.271 10.000
conv 19 2.892 10.000
conv 26 0.338 10.000
conv 53 -3.615 10.000
conv 26 0.177 10.000
linear 60 2.741 0.000

conv 48 29.107 10.100
conv 34 -2.896 10.270
conv 38 -0.292 9.810
conv 16 -11.628 9.690
conv 40 -2.044 8.020
conv 44 4.450 8.670
conv 5 4.024 7.950
conv 28 -13.610 10.000
conv 42 -0.352 10.000
conv 23 -0.637 10.000
conv 15 1.444 10.000
conv 5 -2.251 10.000
conv 43 0.238 10.000
conv 74 3.223 10.000
conv 0 -4.234 10.000
conv 60 -0.383 10.000
conv 59 2.780 10.000
conv 47 0.653 10.000
conv 2 -3.608 10.000
conv 57 -0.012 10.000
linear 2 2.861 0.000

conv 55 26.544 11.370
conv 5 -1.695 10.280
conv 66 -0.392 9.930
conv 28 -10.055 9.680
conv 50 -0.497 8.390
conv 9 5.642 8.540
conv 35 -0.499 6.480
conv 31 -11.587 10.000
conv 10 -0.346 10.000
conv 31 -1.249 10.000
conv 28 1.528 10.000
conv 50 -2.173 10.000
conv 37 0.279 10.000
conv 56 2.856 10.000
conv 67 -3.909 10.000
conv 74 -0.903 10.000
conv 24 3.531 10.000
conv 69 0.887 10.000
conv 30 -3.954 10.000
conv 26 0.102 10.000
linear 32 8.218 0.000

conv 66 29.184 11.360
conv 26 -3.303 10.360
conv 0 -0.114 9.880
conv 25 -9.499 9.530
conv 74 -1.523 8.040
conv 27 13.166 10.800
conv 17 -3.943 7.720
conv 72 -17.365 10.000
conv 3 -0.260 10.000
conv 52 -1.157 10.000
conv 55 2.080 10.000
conv 50 -2.228 10.000
conv 53 0.326 10.000
conv 5 3.750 10.000
conv 55 -4.857 10.000
conv 66 -0.174 10.000
conv 5 2.667 10.000
conv 71 1.347 10.000
conv 63 -4.225 10.000
conv 1 0.247 10.000
linear 31 3.333 0.000

conv 43 27.042 9.990
conv 67 -2.973 10.090
conv 5 -0.610 11.210
conv 42 -7.745 9.980
conv 13 -0.518 7.720
conv 36 3.810 7.780
conv 55 4.695 6.940
conv 43 -16.940 9.970
conv 36 -0.398 10.000
conv 60 -1.152 10.000
conv 5 1.779 10.000
conv 17 -1.163 10.000
conv 7 -0.135 10.000
conv 56 2.413 10.000
conv 46 -3.738 10.000
conv 79 -0.893 10.000
conv 17 2.900 10.000
conv 19 0.712 10.000
conv 16 -2.871 10.000
conv 5 -0.398 10.000
linear 34 18.692 0.000

conv 14 27.112 10.730
conv 17 -6.963 10.780
conv 30 -0.568 10.810
conv 35 1.122 8.910
conv 32 -3.380 8.810
conv 28 383.173 10.000
conv 4 -368.411 9.020
conv 45 -25.045 10.000
conv 21 -0.158 10.000
conv 10 -1.358 10.000
conv 56 1.493 10.000
conv 0 103.953 10.000
conv 79 0.301 10.000
conv 76 24.347 10.000
conv 78 4.443 10.000
conv 27 -102.287 10.000
conv 51 1.482 10.000
conv 60 -29.405 10.000
conv 27 53.576 0.000
conv 51 -59.551 10.000
linear 53 6.578 0.000

conv 4 38.158 10.010
conv 32 -6.139 10.210
conv 10 -0.296 10.310
conv 15 -2.992 9.770
conv 24 -4.201 9.890
conv 72 -3.778 11.550
conv 42 4.312 10.400
conv 66 -17.910 10.000
conv 54 -0.267 10.000
conv 31 -0.729 10.000
conv 38 1.228 10.000
conv 26 -2.762 10.000
conv 43 -0.470 10.000
conv 55 4.104 10.000
conv 55 -2.257 10.000
conv 68 -1.126 10.000
conv 11 1.931 10.000
conv 22 9.907 10.000
conv 39 -11.563 10.000
conv 53 -0.870 10.000
linear 7 2.567 0.000

conv 45 27.253 11.510
conv 52 -1.428 10.500
conv 23 -0.361 10.030
conv 31 -11.077 9.340
conv 55 -0.329 8.410
conv 33 5.648 8.560
conv 52 3.050 7.810
conv 56 -15.483 10.000
conv 41 -0.295 10.000
conv 51 -0.739 10.000
conv 38 1.693 10.000
conv 12 -1.587 10.000
conv 79 -0.519 10.000
conv 26 3.377 10.000
conv 50 -4.039 10.000
conv 77 -0.894 10.000
conv 22 3.266 10.000
conv 57 0.380 10.000
conv 55 -3.749 10.000
conv 19 -0.139 10.000
linear 50 2.816 0.000

conv 67 28.113 10.180
conv 63 -3.168 10.210
conv 64 -0.328 9.940
conv 56 -8.895 9.640
conv 59 -0.131 9.150
conv 9 5.994 8.540
conv 18 0.737 6.450
conv 32 -16.725 10.000
conv 75 -0.084 10.000
conv 62 -0.703 10.000
conv 23 1.582 10.000
conv 51 -2.395 10.000
conv 59 0.653 10.000
conv 4 2.175 10.000
conv 65 -2.982 10.000
conv 65 -0.535 10.000
conv 35 3.218 10.000
conv 62 0.764 10.000
conv 22 -3.263 10.000
conv 45 -0.029 10.000
linear 55 3.097 0.000

conv 40 26.689 10.090
conv 60 -2.810 9.870
conv 37 -0.251 9.820
conv 46 -7.798 9.600
conv 4 -1.469 8.060
conv 61 4.096 9.190
conv 33 4.525 7.750
conv 14 -16.022 10.000
conv 37 -0.296 10.000
conv 26 -1.254 10.000
conv 18 2.102 10.000
conv 21 -1.923 10.000
conv 13 0.368 10.000
conv 36 3.737 10.000
conv 1 -2.200 10.000
conv 71 4.258 10.000
conv 34 1.841 10.000
conv 52 -5.003 10.000
conv 59 -4.642 10.000
conv 20 0.108 10.000
linear 25 41.024 0.000

conv 13 32.069 10.180
conv 39 -8.867 11.160
conv 9 -0.121 10.870
conv 12 -6.818 10.560
conv 45 0.963 9.040
conv 4 16.412 8.890
conv 20 -7.259 7.280
conv 21 -19.925 10.000
conv 53 -0.187 10.000
conv 51 -0.301 10.000
conv 36 1.117 10.000
conv 76 -2.188 10.000
conv 52 0.353 10.000
conv 53 2.564 10.000
conv 4 -3.507 10.000
conv 77 -0.792 10.000
conv 40 3.520 10.000
conv 9 55.339 10.000
conv 46 -56.258 10.000
conv 52 -2.383 10.000
linear 66 3.278 0.000

conv 8 44.757 10.150
conv 37 -14.889 10.510
conv 5 -0.664 11.180
conv 38 -8.722 10.540
conv 71 -3.123 8.490
conv 64 1.661 8.170
conv 70 7.470 7.440
conv 76 -19.566 9.970
conv 15 -0.492 10.000
conv 36 -0.942 10.000
conv 32 1.995 10.000
conv 16 -3.541 10.000
conv 32 -0.869 10.000
conv 40 7.176 10.000
conv 14 33.418 10.000
conv 17 -39.487 10.000
conv 22 0.665 10.000
conv 77 2.680 10.000
conv 21 -3.659 10.000
conv 50 0.139 10.000
linear 5 2.831 0.000

conv 35 26.731 11.620
conv 22 -1.879 10.570
conv 54 -0.300 10.110
conv 27 -10.957 9.190
conv 45 0.483 8.200
conv 58 4.219 8.780
conv 27 5.847 8.010
conv 62 -17.611 10.000
conv 24 -0.358 10.000
conv 15 0.045 10.000
conv 64 1.533 10.000
conv 53 -2.508 10.000
conv 42 0.368 10.000
conv 67 3.300 10.000
conv 5 -4.163 10.000
conv 46 -1.094 10.000
conv 37 3.116 10.000
conv 68 0.796 10.000
conv 27 56.245 0.000
conv 69 -59.744 10.000
linear 77 2.767 0.000

conv 77 28.811 10.710
conv 28 -3.379 10.170
conv 24 -0.202 9.830
conv 30 -9.817 8.890
conv 9 -0.612 8.020
conv 79 4.783 8.500
conv 10 4.139 7.770
conv 58 -17.254 10.000
conv 27 -0.183 10.000
conv 69 -1.319 10.000
conv 56 1.764 10.000
conv 32 -1.815 10.000
conv 28 0.155 10.000
conv 73 2.924 10.000
conv 38 3.057 10.000
conv 30 1.494 10.000
conv 30 -5.177 10.000
conv 69 0.027 10.000
conv 5 -3.530 10.000
conv 67 0.517 10.000
linear 31 3.075 0.000

conv 65 25.856 11.220
conv 11 -2.456 10.280
conv 23 -0.167 10.010
conv 1 -8.224 9.690
conv 71 -0.776 8.080
conv 11 17.532 10.270
conv 3 -8.473 7.790
conv 57 -15.895 10.000
conv 54 -0.256 10.000
conv 43 -1.138 10.000
conv 56 1.329 10.000
conv 71 -2.116 10.000
conv 44 0.225 10.000
conv 38 2.488 10.000
conv 60 -3.703 10.000
conv 68 -0.695 10.000
conv 45 3.072 10.000
conv 3 0.821 10.000
conv 63 -3.522 10.000
conv 2 0.068 10.000
linear 63 3.039 0.000

conv 41 29.749 10.000
conv 44 -3.652 10.070
conv 4 -0.305 10.060
conv 17 -10.513 8.370
conv 27 -0.954 8.080
conv 37 3.792 12.080
conv 51 1.655 7.580
conv 78 -12.631 10.000
conv 77 -0.319 10.000
conv 46 -1.293 10.000
conv 79 2.060 10.000
conv 77 -2.385 10.000
conv 53 0.322 10.000
conv 1 3.248 10.000
conv 24 10.080 10.000
conv 44 -15.113 10.000
conv 76 3.546 10.000
conv 36 0.931 10.000
conv 40 -4.021 10.000
conv 72 -0.019 10.000
linear 37 6.490 0.000

conv 48 27.840 10.100
conv 6 -3.179 10.270
conv 2 0.133 9.880
conv 22 -10.432 9.350
conv 20 -0.970 8.240
conv 26 5.555 9.170
conv 13 3.786 8.540
conv 30 -15.769 9.850
conv 57 -0.486 10.010
conv 60 -0.678 9.990
conv 67 2.218 10.000
conv 26 -3.537 9.980
conv 26 -0.381 10.000
conv 71 5.705 10.000
conv 1 -1.729 10.000
conv 38 1.659 10.000
conv 62 1.329 10.000
conv 50 1.830 10.000
conv 19 -8.439 10.000
conv 31 -0.691 10.000
linear 30 3.186 0.000

conv 77 28.509 10.710
conv 17 -3.199 10.170
conv 30 -0.349 9.830
conv 21 -8.947 9.500
conv 65 -0.960 8.110
conv 75 4.610 8.500
conv 25 5.549 7.790
conv 15 -18.518 10.000
conv 32 -0.242 10.000
conv 57 0.807 10.000
conv 16 0.744 10.000
conv 48 -2.346 10.000
conv 16 -0.296 10.000
conv 73 3.436 10.000
conv 79 -4.437 10.000
conv 14 -0.532 10.000
conv 28 2.582 10.000
conv 65 0.322 10.000
conv 23 -2.892 10.000
conv 65 0.248 10.000
linear 30 2.859 0.000

conv 70 27.656 10.710
conv 22 -3.371 10.190
conv 10 -0.453 9.830
conv 47 -9.051 9.570
conv 17 -0.201 8.030
conv 55 3.558 9.270
conv 37 3.165 7.790
conv 56 -13.991 10.000
conv 43 -0.252 10.000
conv 35 -0.859 10.000
conv 70 1.334 10.000
conv 7 -2.508 10.000
conv 61 0.236 10.000
conv 57 2.581 10.000
conv 29 -3.695 10.000
conv 30 7.901 10.000
conv 71 -4.683 10.000
conv 47 0.732 10.000
conv 18 32.645 0.000
conv 69 -36.528 10.000
linear 76 2.622 0.000

conv 19 34.435 11.250
conv 44 -7.902 11.000
conv 56 -0.700 10.660
conv 31 -9.759 10.540
conv 66 -1.087 8.260
conv 34 4.916 9.030
conv 20 1.269 7.880
conv 3 -13.620 10.000
conv 21 -0.323 10.000
conv 69 -1.368 10.000
conv 62 2.119 10.000
conv 65 -2.741 10.000
conv 12 0.207 10.000
conv 36 3.104 10.000
conv 13 -3.820 10.000
conv 33 -0.735 10.000
conv 49 3.229 10.000
conv 26 1.045 10.000
conv 8 -4.038 10.000
conv 8 -0.373 10.000
linear 38 20.087 0.000

conv 50 29.704 9.740
conv 78 -3.142 9.940
conv 31 -0.281 9.810
conv 75 -10.473 9.640
conv 57 -0.875 8.100
conv 2 6.046 8.380
conv 4 4.401 7.760
conv 13 -6.260 10.920
conv 67 -1.934 11.120
conv 50 -2.359 11.090
conv 24 -7.026 9.450
conv 30 -1.840 10.530
conv 74 -0.818 10.000
conv 65 2.898 10.000
conv 0 -3.770 10.000
conv 10 24.709 10.000
conv 42 -22.358 10.000
conv 53 1.772 10.000
conv 43 -4.312 10.000
conv 19 0.128 10.000
linear 68 2.642 0.000

conv 26 27.212 11.290
conv 19 -6.573 11.080
conv 18 -0.330 10.230
conv 56 -6.476 8.780
conv 19 19.210 11.380
conv 6 -9.985 9.100
conv 48 -0.740 8.880
conv 37 -9.686 10.000
conv 50 -4.494 10.000
conv 52 -1.141 10.000
conv 69 0.593 10.000
conv 10 -1.996 10.000
conv 38 -0.116 10.000
conv 1 3.132 10.000
conv 62 -4.246 10.000
conv 37 -0.354 10.000
conv 15 3.313 10.000
conv 13 29.744 10.000
conv 60 -31.226 10.000
conv 41 5.736 10.000
linear 62 -4.742 0.000

conv 71 29.742 10.710
conv 10 -3.371 10.180
conv 7 -0.134 9.830
conv 31 -10.393 9.580
conv 67 -0.720 8.030
conv 32 10.117 9.450
conv 54 0.893 8.110
conv 31 -19.248 10.000
conv 77 -0.260 10.000
conv 69 -1.547 10.000
conv 7 1.939 10.000
conv 74 -1.878 10.000
conv 28 0.373 10.000
conv 6 18.725 10.000
conv 2 -19.672 10.000
conv 9 -0.758 10.000
conv 25 3.726 10.000
conv 53 1.748 10.000
conv 77 -5.202 10.000
conv 62 0.621 10.000
linear 51 2.136 0.000

conv 58 27.182 10.030
conv 42 -2.703 10.210
conv 76 -0.208 9.820
conv 16 -9.454 9.700
conv 56 -1.259 8.050
conv 55 6.215 9.300
conv 42 4.501 7.840
conv 18 -17.194 10.000
conv 8 -0.240 10.000
conv 67 -0.979 10.000
conv 47 1.491 10.000
conv 8 42.751 10.000
conv 75 0.411 10.000
conv 54 45.039 10.000
conv 60 -2.428 10.000
conv 5 -89.550 10.000
conv 31 2.970 10.000
conv 9 55.141 10.000
conv 62 -55.576 10.000
conv 46 -2.810 10.000
linear 12 46.160 0.000

conv 22 28.509 9.740
conv 25 -2.454 10.070
conv 12 0.050 10.220
conv 28 -9.375 8.550
conv 68 -0.968 7.360
conv 12 62.818 10.000
conv 5 -53.079 7.910
conv 41 -18.311 10.000
conv 76 -0.398 10.000
conv 11 -0.507 10.000
conv 15 1.588 10.000
conv 38 -2.600 10.000
conv 79 0.250 10.000
conv 28 3.625 10.000
conv 30 -4.485 10.000
conv 48 -0.764 10.000
conv 3 3.011 10.000
conv 68 0.877 10.000
conv 60 -3.559 10.000
conv 73 -0.299 10.000
linear 61 2.901 0.000

conv 59 31.458 11.370
conv 19 -3.227 10.360
conv 1 -0.300 9.830
conv 53 -10.342 9.790
conv 20 -2.103 8.050
conv 13 4.489 8.730
conv 37 3.444 7.960
conv 23 -13.458 8.230
conv 74 -0.349 7.660
conv 77 -2.030 8.310
conv 3 -0.188 9.870
conv 31 0.309 10.250
conv 59 -0.265 10.000
conv 47 1.247 10.000
conv 44 -3.779 10.000
conv 53 -0.371 10.000
conv 62 2.099 10.000
conv 26 1.336 10.000
conv 20 -3.747 10.000
conv 25 0.116 10.000
linear 49 4.935 0.000

conv 2 31.731 11.490
conv 41 -6.562 11.570
conv 74 -0.354 11.450
conv 60 -9.635 9.680
conv 24 14.016 9.850
conv 50 5.449 9.520
conv 48 -1.957 9.670
conv 47 -25.291 10.000
conv 4 -1.607 10.000
conv 67 1.179 10.000
conv 12 1.009 10.000
conv 74 -2.506 10.000
conv 25 0.208 10.000
conv 44 2.389 10.000
conv 13 -3.413 10.000
conv 2 -1.127 10.000
conv 74 4.027 10.000
conv 36 0.934 10.000
conv 38 -2.659 0.000
conv 12 -1.380 10.000
linear 55 2.633 0.000

conv 34 28.454 11.270
conv 75 -2.869 10.690
conv 57 -0.330 10.020
conv 73 -9.984 9.990
conv 57 -1.528 7.900
conv 39 0.226 11.120
conv 19 11.055 9.150
conv 70 -17.980 10.000
conv 10 -0.356 10.000
conv 76 -1.342 10.000
conv 52 2.307 10.000
conv 68 -2.524 10.000
conv 42 0.258 10.000
conv 20 2.853 10.000
conv 23 -3.672 10.000
conv 77 -0.800 10.000
conv 34 3.359 10.000
conv 43 3.323 10.000
conv 23 -6.577 10.000
conv 37 0.887 10.000
linear 77 2.083 0.000

