conv 55 58.630 19.445
conv 13 -1.180 19.595
conv 40 -0.045 19.276
conv 11 -27.900 19.507
conv 63 -0.513 18.500
conv 51 -1.917 18.070
conv 8 -0.299 16.868
conv 55 -5.131 18.181
conv 56 -1.394 19.438
conv 20 -15.104 12.150
conv 8 16.134 13.760
conv 62 -16.515 10.299
conv 13 19.551 10.222
conv 11 -16.464 6.354
conv 13 11.491 6.377
conv 57 -10.979 6.377
conv 40 -5.705 13.898
conv 25 -0.072 15.973
conv 10 2.184 6.377
conv 18 1.734 6.377
conv 15 -1.555 6.377
conv 43 -0.167 0.000
conv 16 0.185 0.000
conv 34 0.670 0.000
conv 56 -1.167 0.000
conv 56 2.369 0.000
conv 34 1.263 0.000
conv 37 2.978 0.000
conv 39 -7.527 15.938
conv 37 -1.172 15.938
conv 36 0.003 15.938
conv 63 -0.037 19.587
conv 55 0.253 7.594
conv 15 -0.329 19.587
conv 43 0.271 19.587
conv 23 -0.229 19.587
linear 3 4.436 19.587

conv 6 58.772 19.587
conv 5 -1.314 19.603
conv 68 -0.026 19.315
conv 6 -26.247 19.576
conv 15 -1.785 18.642
conv 60 -0.374 19.230
conv 61 -0.521 18.854
conv 20 -8.263 12.339
conv 63 -0.467 16.933
conv 4 -14.789 11.202
conv 35 0.354 6.849
conv 78 -0.338 9.980
conv 25 1.939 7.268
conv 6 0.074 9.162
conv 12 0.551 6.377
conv 43 -0.298 6.377
conv 53 -4.925 14.728
conv 41 0.097 17.663
conv 61 0.298 15.938
conv 2 2.592 6.377
conv 22 -2.615 6.377
conv 21 4.706 6.377
conv 72 -5.192 19.587
conv 26 -0.026 19.587
conv 28 0.013 19.587
conv 10 -0.033 19.587
conv 54 0.062 19.587
conv 52 0.078 19.587
conv 75 0.037 19.587
conv 42 -0.118 19.587
conv 25 -0.112 19.587
conv 61 0.175 19.587
conv 42 0.314 7.594
conv 61 -0.162 7.594
conv 56 -0.078 19.587
conv 9 -0.195 19.587
linear 69 4.481 0.000

conv 14 54.960 19.564
conv 39 -1.019 19.576
conv 31 -0.076 19.219
conv 30 -25.284 18.865
conv 8 -0.382 18.662
conv 6 -1.525 17.947
conv 2 -0.286 16.906
conv 53 -5.136 18.124
conv 20 -1.737 16.503
conv 31 -14.362 11.044
conv 14 0.556 6.826
conv 10 -0.261 10.226
conv 48 1.642 6.273
conv 70 -0.121 8.874
conv 24 2.829 14.206
conv 12 -2.963 19.580
conv 61 -4.314 17.163
conv 4 0.218 13.545
conv 48 -0.173 15.938
conv 28 1.062 9.692
conv 29 -0.795 6.377
conv 77 -0.280 9.692
conv 14 -0.089 19.587
conv 48 -0.065 19.587
conv 0 0.034 19.587
conv 5 0.031 19.587
conv 16 0.058 19.587
conv 41 0.010 19.587
conv 40 0.001 19.587
conv 43 -0.045 19.587
conv 12 -0.137 19.587
conv 32 0.836 19.587
conv 44 -0.049 7.756
conv 78 -0.067 19.587
conv 33 -0.141 19.587
conv 23 -0.259 19.587
linear 3 4.064 19.587

conv 57 61.064 19.514
conv 55 -1.334 19.591
conv 73 -0.029 19.311
conv 1 -28.322 19.130
conv 54 -0.455 18.489
conv 68 -2.328 18.059
conv 60 -0.326 16.895
conv 60 -5.807 18.304
conv 49 -1.401 17.436
conv 12 -15.971 11.221
conv 75 0.414 6.815
conv 56 -0.344 9.830
conv 49 1.951 6.492
conv 21 0.044 9.108
conv 57 -0.257 6.392
conv 45 0.818 6.377
conv 55 -5.120 14.732
conv 58 0.089 17.640
conv 19 0.184 15.938
conv 70 0.356 11.071
conv 56 -0.330 6.377
conv 18 -0.376 9.692
conv 62 -0.089 19.587
conv 25 -0.029 19.587
conv 9 0.008 19.587
conv 18 2.135 15.938
conv 38 -2.057 15.938
conv 10 -0.124 15.938
conv 2 0.051 15.938
conv 40 0.069 19.587
conv 28 -0.090 19.587
conv 5 0.039 19.587
conv 67 0.186 7.594
conv 0 55.665 0.000
conv 16 -8.706 0.000
conv 9 -0.196 0.000
linear 62 -42.666 0.000

conv 10 54.754 19.453
conv 14 -2.017 19.199
conv 17 -0.012 18.934
conv 40 -25.397 18.205
conv 4 0.700 19.587
conv 20 6.746 19.587
conv 64 -3.456 19.587
conv 31 -9.857 17.502
conv 1 -2.183 17.728
conv 21 -14.223 11.916
conv 15 0.515 6.903
conv 56 -0.390 9.004
conv 7 2.416 6.212
conv 57 0.048 6.315
conv 59 0.601 6.377
conv 37 0.006 6.377
conv 73 -5.605 15.796
conv 79 -0.013 17.283
conv 15 2.637 6.377
conv 11 -0.477 0.000
conv 52 -0.388 0.000
conv 28 -0.002 0.000
conv 12 0.335 0.000
conv 54 -0.097 0.000
conv 7 0.005 6.377
conv 5 0.299 0.000
conv 69 -0.571 0.000
conv 79 -0.594 0.000
conv 35 -0.093 6.377
conv 39 -0.961 7.594
conv 8 0.106 7.594
conv 28 -0.586 19.587
conv 3 0.208 7.594
conv 18 -0.244 19.587
conv 42 0.031 19.587
conv 1 0.023 19.587
linear 29 17.502 0.000

conv 33 55.744 19.587
conv 32 -1.589 19.672
conv 44 -0.036 19.199
conv 52 -26.332 19.126
conv 54 -0.315 18.642
conv 61 -1.686 17.828
conv 76 -0.344 16.891
conv 35 -5.003 18.062
conv 12 -1.488 19.445
conv 77 -13.962 11.175
conv 54 0.315 6.842
conv 5 -0.659 14.455
conv 27 2.527 11.171
conv 21 0.467 10.307
conv 59 -0.699 10.356
conv 46 -0.192 8.075
conv 76 -4.322 13.161
conv 44 0.276 9.442
conv 51 -0.051 15.938
conv 29 0.579 11.071
conv 39 -0.414 6.377
conv 16 2.734 11.071
conv 15 -3.176 19.587
conv 11 0.783 7.594
conv 59 -0.828 19.587
conv 53 -0.104 19.587
conv 0 0.082 19.587
conv 12 0.028 19.587
conv 56 -0.001 19.587
conv 12 -0.055 19.587
conv 25 -0.075 19.587
conv 47 0.179 19.587
conv 16 0.265 7.594
conv 18 -0.356 19.587
conv 3 0.167 19.587
conv 69 -0.128 19.587
linear 45 4.496 0.000

conv 23 50.608 19.561
conv 61 -1.942 19.595
conv 8 -0.049 19.111
conv 15 -23.686 18.712
conv 15 -0.338 18.477
conv 68 -1.565 17.901
conv 67 -0.305 17.348
conv 49 -4.202 18.212
conv 79 -1.491 19.468
conv 59 -12.477 11.117
conv 77 0.523 6.834
conv 49 -0.375 9.942
conv 9 2.049 6.446
conv 10 -0.499 7.149
conv 8 0.855 6.377
conv 35 -0.201 6.377
conv 47 -4.404 14.578
conv 14 -0.056 17.663
conv 35 -0.136 15.938
conv 42 0.264 15.938
conv 72 0.702 6.377
conv 73 -0.838 9.692
conv 35 -0.009 9.692
conv 39 1.140 6.377
conv 46 -1.157 19.587
conv 44 0.135 9.692
conv 49 -0.116 9.692
conv 50 -0.003 9.692
conv 21 0.139 9.692
conv 18 -0.348 19.587
conv 51 -0.037 11.071
conv 75 0.160 19.587
conv 35 0.239 7.594
conv 60 -0.357 19.587
conv 57 0.156 19.587
conv 7 -0.178 19.587
linear 70 4.485 19.587

conv 35 59.051 19.457
conv 0 -0.478 19.587
conv 30 -0.556 19.349
conv 41 -27.919 18.900
conv 42 -0.059 19.004
conv 43 -1.443 16.829
conv 79 -0.225 16.449
conv 68 -6.444 17.133
conv 26 -1.946 19.230
conv 57 -15.495 11.816
conv 74 0.449 6.738
conv 1 -0.397 10.187
conv 16 2.638 7.641
conv 65 -0.554 8.098
conv 35 0.772 6.377
conv 42 -0.414 6.377
conv 22 -4.225 14.494
conv 45 -0.077 17.064
conv 29 0.304 15.938
conv 8 0.216 11.071
conv 41 -0.535 6.377
conv 19 -0.170 6.377
conv 13 -0.216 19.587
conv 69 0.091 19.587
conv 9 0.001 19.587
conv 64 0.029 19.587
conv 40 0.107 19.587
conv 1 0.024 19.587
conv 41 0.029 19.587
conv 53 -0.111 19.587
conv 76 -0.088 19.587
conv 9 -0.088 19.587
conv 36 0.097 7.594
conv 68 -0.113 19.587
conv 3 0.054 19.587
conv 46 -0.086 19.587
linear 44 4.751 0.000

conv 69 53.863 19.465
conv 11 -1.213 19.618
conv 1 0.952 19.580
conv 38 -25.842 18.800
conv 61 -0.253 18.619
conv 18 -1.797 17.344
conv 14 -0.417 17.525
conv 45 -5.101 15.661
conv 34 -1.680 16.291
conv 16 -12.924 9.166
conv 51 0.316 6.776
conv 15 -0.281 9.769
conv 35 1.474 6.607
conv 39 0.084 6.696
conv 69 0.677 6.331
conv 12 -2.393 19.584
conv 77 -3.011 14.056
conv 67 0.346 12.834
conv 60 0.057 15.938
conv 69 0.400 11.071
conv 8 -0.550 6.377
conv 38 -0.436 9.692
conv 48 -0.048 19.587
conv 7 0.003 19.587
conv 52 0.018 19.587
conv 5 -0.011 19.587
conv 21 0.103 19.587
conv 78 0.029 19.587
conv 75 0.019 19.587
conv 16 -0.129 19.587
conv 77 -0.041 19.587
conv 14 4.054 0.000
conv 58 0.078 0.000
conv 24 -4.157 19.587
conv 32 0.050 19.587
conv 23 -0.050 19.587
linear 17 65.660 0.000

conv 48 59.681 19.434
conv 48 -1.680 19.595
conv 30 -0.068 19.230
conv 51 -27.901 19.073
conv 79 -0.281 18.581
conv 16 -2.162 18.047
conv 49 -0.162 16.872
conv 49 -5.367 18.416
conv 59 -1.817 19.453
conv 49 -14.886 11.132
conv 26 0.375 6.853
conv 59 -0.248 9.907
conv 23 13.592 5.785
conv 54 -12.076 9.070
conv 52 0.868 6.377
conv 36 -0.302 6.377
conv 52 -4.874 14.628
conv 68 -0.023 17.655
conv 42 0.456 15.938
conv 31 -0.151 11.071
conv 26 -0.367 6.377
conv 49 -0.267 19.587
conv 68 -0.022 7.594
conv 33 -0.024 19.587
conv 37 0.100 19.587
conv 75 -0.054 19.587
conv 19 3.217 0.000
conv 37 0.309 0.000
conv 48 -0.730 15.938
conv 5 -1.541 15.938
conv 75 0.243 15.938
conv 26 -1.472 19.587
conv 59 0.166 7.594
conv 23 -0.210 19.587
conv 73 0.070 19.587
conv 76 -0.068 19.587
linear 20 14.601 0.000

conv 8 54.084 19.484
conv 44 -3.350 18.162
conv 78 0.045 18.589
conv 10 -24.030 19.445
conv 31 -0.397 18.742
conv 15 -1.943 19.011
conv 24 -0.347 18.254
conv 11 -4.568 19.199
conv 49 -1.995 18.612
conv 23 -13.062 11.732
conv 46 0.625 6.684
conv 38 -0.485 9.780
conv 9 0.639 1.587
conv 60 1.524 8.666
conv 47 -1.845 8.082
conv 65 2.296 6.377
conv 19 -4.765 14.690
conv 5 -0.061 17.621
conv 27 0.413 15.938
conv 13 0.326 11.071
conv 56 -0.324 6.377
conv 42 -0.423 9.692
conv 6 -0.025 19.587
conv 53 -0.046 19.587
conv 51 -0.042 19.587
conv 67 0.058 19.587
conv 56 -0.009 19.587
conv 52 0.001 19.587
conv 73 0.020 19.587
conv 3 -0.014 19.587
conv 56 -0.057 19.587
conv 48 0.037 19.587
conv 38 0.200 7.594
conv 23 -0.295 19.587
conv 60 0.117 19.587
conv 48 -0.081 19.587
linear 13 42.729 0.000

conv 37 57.596 19.480
conv 13 -1.493 19.580
conv 38 0.110 19.614
conv 20 -27.039 19.587
conv 77 -0.357 19.595
conv 3 8.489 19.587
conv 42 -10.720 18.347
conv 12 23.928 19.587
conv 0 -30.827 19.491
conv 39 -14.679 8.901
conv 27 0.243 6.569
conv 53 -0.506 10.234
conv 29 2.255 6.377
conv 28 0.010 6.419
conv 14 13.043 19.030
conv 52 -12.853 6.377
conv 70 -4.625 12.458
conv 22 -0.113 16.495
conv 20 0.944 15.938
conv 40 0.039 15.938
conv 58 -0.034 6.127
conv 27 -0.839 19.587
conv 41 0.287 6.127
conv 72 -0.187 15.938
conv 42 -0.047 15.938
conv 64 0.045 15.938
conv 53 0.461 15.938
conv 26 0.410 15.938
conv 41 -0.786 15.938
conv 46 -0.398 19.587
conv 34 -0.016 9.692
conv 60 -0.075 19.587
conv 26 0.219 7.594
conv 21 7.204 7.756
conv 54 -3.713 6.699
conv 5 -0.342 6.699
linear 29 14.183 0.000

conv 35 56.141 19.457
conv 23 -0.978 19.610
conv 43 -0.034 19.342
conv 31 -26.209 19.038
conv 4 0.658 19.587
conv 26 3.285 19.587
conv 77 -0.046 19.587
conv 44 -10.584 17.359
conv 8 -1.765 17.936
conv 35 -15.436 11.789
conv 65 0.481 6.876
conv 67 -0.351 9.108
conv 5 1.906 6.262
conv 74 0.020 6.342
conv 68 0.838 6.377
conv 12 -2.468 19.503
conv 32 -2.930 16.176
conv 69 0.319 12.750
conv 7 4.489 9.692
conv 54 -1.907 9.692
conv 46 1.249 9.692
conv 46 2.583 0.000
conv 40 -7.056 19.587
conv 73 0.060 19.587
conv 11 0.039 19.587
conv 58 -0.062 19.587
conv 17 0.173 19.587
conv 34 0.056 19.587
conv 12 0.036 19.587
conv 45 -0.165 19.587
conv 6 -0.086 19.587
conv 58 0.012 19.587
conv 41 0.195 7.594
conv 31 3.541 7.756
conv 79 -3.046 6.699
conv 61 -0.298 6.699
linear 60 4.027 0.000

conv 33 65.483 19.587
conv 15 -1.800 19.664
conv 42 -0.166 19.173
conv 3 -30.579 18.938
conv 46 -0.437 18.804
conv 24 19.321 19.587
conv 79 -22.002 17.502
conv 69 -5.633 18.028
conv 77 -1.786 19.422
conv 74 -17.222 11.163
conv 54 0.549 6.872
conv 41 -0.366 9.823
conv 36 2.440 9.139
conv 2 -0.371 8.977
conv 29 0.858 6.377
conv 47 -0.142 6.377
conv 74 -5.429 14.889
conv 15 -0.005 17.513
conv 3 18.528 0.000
conv 1 -1.445 0.000
conv 32 1.904 0.000
conv 26 0.193 0.000
conv 48 -0.639 0.000
conv 38 1.450 0.000
conv 62 -1.917 0.000
conv 22 -0.073 0.000
conv 15 0.009 0.000
conv 13 3.518 0.000
conv 7 0.231 0.000
conv 73 -11.379 0.000
conv 20 -0.089 0.000
conv 76 -10.681 19.587
conv 76 0.190 7.594
conv 9 -0.243 19.587
conv 14 0.089 19.587
conv 8 -0.071 19.587
linear 71 4.394 19.587

conv 19 57.696 19.557
conv 54 -1.229 19.630
conv 23 -0.093 19.349
conv 4 -27.248 19.587
conv 79 -0.015 18.612
conv 25 -1.716 19.388
conv 15 0.763 17.406
conv 61 -6.115 17.966
conv 75 -1.034 19.537
conv 27 -15.644 9.477
conv 49 0.156 7.095
conv 59 -0.309 9.396
conv 52 1.979 9.746
conv 46 0.030 10.118
conv 46 0.686 10.383
conv 25 -0.231 10.164
conv 33 -5.268 15.181
conv 26 16.505 0.000
conv 35 3.174 0.000
conv 9 0.835 0.000
conv 33 -2.058 0.000
conv 35 14.881 0.000
conv 79 0.725 0.000
conv 26 8.789 0.000
conv 54 0.867 0.000
conv 34 3.189 0.000
conv 75 2.791 0.000
conv 46 7.475 0.000
conv 77 0.321 0.000
conv 78 -44.852 0.000
conv 24 0.083 0.000
conv 34 -12.411 7.594
conv 29 0.599 7.594
conv 60 -1.134 19.587
conv 60 0.134 19.587
conv 37 -0.143 19.587
linear 25 16.645 0.000

conv 42 59.874 19.557
conv 7 -1.147 19.591
conv 50 -0.215 19.219
conv 39 -28.199 19.253
conv 31 -0.145 19.403
conv 9 -2.231 18.712
conv 73 -0.293 18.665
conv 51 -5.588 17.970
conv 66 -1.463 19.422
conv 22 -16.071 11.613
conv 63 0.425 6.669
conv 72 -0.344 9.819
conv 55 2.051 7.191
conv 9 0.049 8.574
conv 50 0.930 6.377
conv 23 -0.436 6.377
conv 39 -4.733 14.440
conv 78 -0.070 17.674
conv 26 0.334 15.938
conv 48 -0.042 11.071
conv 36 -0.028 6.377
conv 12 0.154 19.587
conv 13 -0.565 19.587
conv 20 -0.004 19.587
conv 3 26.734 19.587
conv 14 -1.931 19.587
conv 27 -0.233 19.587
conv 38 15.773 19.587
conv 35 -0.088 19.587
conv 7 -40.265 19.587
conv 64 -0.050 19.587
conv 71 0.056 19.587
conv 6 0.246 7.594
conv 18 -0.324 19.587
conv 18 0.157 19.587
conv 14 -0.115 19.587
linear 6 4.493 19.587

conv 48 61.011 19.434
conv 19 -1.658 19.595
conv 22 -0.132 19.242
conv 59 -28.751 19.169
conv 48 1.655 17.755
conv 9 -3.958 15.992
conv 38 -0.401 15.846
conv 38 -6.127 17.148
conv 73 -1.408 19.438
conv 18 -15.782 13.072
conv 69 0.073 8.593
conv 45 -0.214 11.905
conv 48 2.105 7.264
conv 76 0.060 7.295
conv 0 1.530 5.382
conv 4 -0.530 5.501
conv 2 -4.707 14.820
conv 10 7.399 19.587
conv 61 0.153 19.587
conv 39 14.572 19.587
conv 75 0.174 19.587
conv 64 1.616 19.587
conv 35 -24.307 19.587
conv 39 0.999 6.377
conv 16 -0.901 19.587
conv 48 -0.034 19.587
conv 54 0.225 19.587
conv 27 6.549 19.587
conv 55 -6.524 19.587
conv 21 -0.160 19.587
conv 14 -0.089 19.587
conv 25 -0.034 19.587
conv 71 0.143 7.594
conv 55 -0.187 19.587
conv 40 -0.077 19.587
conv 5 0.029 19.587
linear 54 4.382 0.000

conv 13 57.180 19.441
conv 17 -2.183 18.746
conv 3 0.140 19.507
conv 34 -26.742 19.480
conv 25 -0.387 19.372
conv 37 -2.124 18.854
conv 59 -0.237 18.389
conv 73 -4.766 16.906
conv 53 -1.332 19.422
conv 9 -14.342 11.186
conv 34 0.506 6.880
conv 31 -0.356 9.796
conv 72 1.866 6.296
conv 22 0.008 7.207
conv 61 0.379 6.377
conv 18 -0.091 6.377
conv 10 -5.033 14.766
conv 55 0.233 17.575
conv 48 -0.108 15.938
conv 54 0.252 11.071
conv 0 -0.012 6.377
conv 10 1.592 6.127
conv 72 -2.081 19.587
conv 73 -0.045 19.587
conv 30 -0.017 19.587
conv 27 0.037 19.587
conv 10 0.053 19.587
conv 46 0.034 19.587
conv 79 -0.003 19.587
conv 57 -0.076 19.587
conv 14 -0.076 19.587
conv 57 0.139 19.587
conv 29 0.261 7.594
conv 69 -0.363 19.587
conv 47 0.067 19.587
conv 78 -0.094 19.587
linear 7 4.421 19.587

conv 11 52.333 19.630
conv 8 -2.868 19.580
conv 46 -0.183 19.349
conv 69 -22.949 19.219
conv 61 -0.357 18.623
conv 72 -1.004 17.909
conv 18 -0.238 16.987
conv 77 -5.214 18.155
conv 20 -1.700 16.437
conv 14 -12.737 9.262
conv 48 0.604 6.565
conv 73 -0.326 9.181
conv 60 13.292 5.831
conv 41 -11.393 8.897
conv 12 0.560 7.164
conv 37 -0.036 6.358
conv 2 -5.219 15.124
conv 15 -0.076 17.390
conv 25 0.064 15.938
conv 77 0.245 15.938
conv 12 0.467 6.377
conv 62 -0.974 9.692
conv 66 0.524 7.594
conv 69 -0.064 6.377
conv 31 0.046 6.377
conv 71 -0.340 9.692
conv 47 0.042 6.377
conv 67 -0.082 9.692
conv 24 0.005 9.692
conv 51 -0.188 19.587
conv 3 0.090 11.071
conv 0 -0.050 19.587
conv 1 0.277 7.594
conv 20 -0.354 19.587
conv 43 0.037 19.587
conv 1 -0.009 19.587
linear 61 4.450 0.000

conv 72 54.655 19.568
conv 11 -1.283 19.614
conv 51 -0.119 19.368
conv 57 -25.767 19.207
conv 48 1.441 17.886
conv 29 -2.164 15.984
conv 19 -1.150 15.980
conv 48 -5.808 17.148
conv 14 -1.340 17.993
conv 42 -13.912 11.759
conv 39 0.272 6.792
conv 23 -0.498 10.587
conv 63 3.590 6.377
conv 28 -1.137 6.377
conv 12 0.746 6.377
conv 30 -0.406 6.377
conv 32 -4.548 12.596
conv 36 3.584 0.000
conv 38 3.896 0.000
conv 25 0.605 0.000
conv 21 -1.291 0.000
conv 79 6.404 0.000
conv 36 0.988 0.000
conv 43 4.998 0.000
conv 29 -0.292 0.000
conv 61 0.691 0.000
conv 0 2.139 0.000
conv 32 2.880 0.000
conv 7 0.996 0.000
conv 68 -25.039 15.938
conv 62 0.104 15.938
conv 33 -0.286 11.071
conv 39 0.099 11.071
conv 6 -0.205 11.071
conv 57 -0.136 11.071
conv 44 0.120 11.071
linear 47 5.692 0.000

conv 75 62.132 19.461
conv 19 -1.349 19.580
conv 39 -0.022 19.276
conv 58 -29.702 19.126
conv 16 -0.329 18.477
conv 11 -2.009 18.062
conv 13 -0.375 16.964
conv 2 -5.950 18.201
conv 42 -1.226 19.438
conv 30 -16.346 11.186
conv 21 0.364 6.815
conv 45 -0.293 9.550
conv 12 1.609 9.481
conv 20 0.039 7.187
conv 18 -1.263 10.114
conv 15 1.550 6.377
conv 20 -4.350 14.644
conv 70 -0.024 17.540
conv 32 0.575 15.938
conv 16 -0.164 15.938
conv 10 -0.371 6.377
conv 66 -0.173 19.587
conv 20 -0.063 19.587
conv 21 0.447 7.594
conv 55 -0.330 19.587
conv 49 -0.087 19.587
conv 72 0.181 19.587
conv 68 0.010 19.587
conv 2 0.035 19.587
conv 49 -0.159 19.587
conv 8 -0.038 19.587
conv 51 0.006 19.587
conv 10 0.251 7.594
conv 43 -0.341 19.587
conv 16 0.128 19.587
conv 0 4.740 6.699
linear 20 9.768 0.000

conv 33 59.025 19.587
conv 2 -1.251 19.587
conv 43 -0.500 19.153
conv 48 -27.478 18.973
conv 1 -0.397 18.781
conv 40 -0.427 17.770
conv 9 -4.103 12.980
conv 12 -3.153 15.316
conv 45 -1.234 19.103
conv 48 -16.662 9.162
conv 2 -0.081 6.753
conv 50 -0.443 11.801
conv 72 2.675 6.373
conv 69 0.004 6.377
conv 53 1.393 6.377
conv 17 0.469 6.377
conv 68 -5.088 12.542
conv 13 -0.311 16.656
conv 71 0.421 15.938
conv 18 1.219 19.587
conv 56 -1.292 6.377
conv 1 -0.439 9.692
conv 61 -0.030 19.587
conv 29 3.634 0.000
conv 57 -3.644 19.587
conv 44 -0.054 19.587
conv 38 0.145 15.938
conv 45 -0.174 15.938
conv 22 0.075 15.938
conv 30 0.026 19.587
conv 68 -0.067 19.587
conv 21 2.863 7.594
conv 53 0.366 7.594
conv 56 -3.296 19.587
conv 62 0.088 19.587
conv 41 -0.025 19.587
linear 53 4.455 0.000

conv 5 61.249 19.587
conv 56 -1.534 19.591
conv 79 -0.045 19.587
conv 71 -28.435 19.587
conv 13 -0.415 19.461
conv 0 -1.756 18.677
conv 44 -0.200 18.562
conv 42 -6.240 17.582
conv 19 -1.547 19.438
conv 78 -16.148 11.294
conv 45 0.270 6.880
conv 8 -0.419 18.024
conv 44 9.401 19.587
conv 9 1.229 19.587
conv 65 -4.534 18.262
conv 71 -0.248 18.143
conv 76 -6.545 11.163
conv 30 -0.021 13.729
conv 63 -1.379 19.587
conv 60 0.432 11.071
conv 51 0.213 19.587
conv 58 0.484 19.587
conv 63 -1.381 7.594
conv 5 0.053 19.587
conv 43 0.011 19.587
conv 49 -0.071 19.587
conv 62 0.085 19.587
conv 46 0.043 19.587
conv 30 0.036 19.587
conv 9 -0.085 19.587
conv 50 -0.080 19.587
conv 68 -0.025 19.587
conv 8 0.207 7.594
conv 12 -0.270 19.587
conv 3 0.066 19.587
conv 36 -0.068 19.587
linear 19 37.417 0.000

conv 51 53.104 19.564
conv 67 -1.167 19.584
conv 60 -0.107 19.222
conv 33 -24.941 19.491
conv 15 -0.327 18.558
conv 42 -2.531 15.869
conv 75 -0.011 16.872
conv 67 -4.544 18.212
conv 7 -1.402 19.434
conv 47 -12.837 11.171
conv 67 0.441 6.965
conv 12 -0.394 9.546
conv 6 1.990 6.196
conv 63 -0.030 8.920
conv 51 0.456 6.377
conv 30 0.033 6.377
conv 42 -5.288 14.897
conv 27 0.171 17.532
conv 24 0.034 15.938
conv 42 0.403 11.071
conv 40 -0.165 6.377
conv 20 -0.430 9.692
conv 44 -0.046 19.587
conv 69 0.016 19.587
conv 54 -0.114 19.587
conv 20 0.035 19.587
conv 3 0.025 19.587
conv 62 -0.001 19.587
conv 9 -0.035 19.587
conv 32 -0.003 19.587
conv 41 -0.055 19.587
conv 22 2.599 19.587
conv 40 0.073 7.756
conv 72 -0.582 7.756
conv 27 -0.975 19.587
conv 65 -0.375 19.587
linear 55 3.675 0.000

conv 72 61.073 19.568
conv 78 -1.398 19.587
conv 37 -0.040 19.276
conv 38 -28.713 19.134
conv 72 -0.412 18.781
conv 38 -2.385 18.085
conv 45 -0.257 17.037
conv 68 -5.066 18.362
conv 2 -1.662 19.526
conv 75 -15.906 11.159
conv 11 0.350 6.811
conv 1 -0.288 9.838
conv 33 9.602 3.826
conv 64 -7.949 9.100
conv 2 0.570 6.377
conv 20 -0.277 6.377
conv 66 -4.630 14.747
conv 55 -0.034 17.617
conv 21 0.004 15.938
conv 33 0.260 11.071
conv 2 -0.136 6.377
conv 33 -0.329 9.692
conv 68 -0.071 19.587
conv 47 0.032 19.587
conv 24 -0.003 19.587
conv 68 -0.047 19.587
conv 41 0.054 19.587
conv 76 0.034 19.587
conv 53 -0.012 19.587
conv 29 -0.034 19.587
conv 11 -0.131 19.587
conv 25 0.093 19.587
conv 45 0.179 7.594
conv 75 -0.222 19.587
conv 58 0.137 19.587
conv 13 -0.110 19.587
linear 42 4.662 0.000

conv 72 63.793 19.568
conv 7 -1.466 19.595
conv 7 -0.140 18.235
conv 72 -29.438 18.435
conv 61 -0.441 19.084
conv 24 18.910 19.587
conv 43 -22.070 18.039
conv 41 -5.931 18.028
conv 32 -1.921 19.415
conv 44 -16.002 8.301
conv 74 0.337 6.615
conv 58 -0.383 9.277
conv 62 1.984 8.620
conv 70 -0.094 8.805
conv 62 0.643 8.689
conv 73 -0.305 8.501
conv 43 -4.768 12.296
conv 48 0.007 17.567
conv 21 0.259 15.938
conv 52 0.316 11.071
conv 0 -0.480 6.377
conv 6 -0.305 9.692
conv 54 -0.128 19.587
conv 35 0.050 19.587
conv 47 0.042 19.587
conv 18 2.366 15.938
conv 4 453.739 19.587
conv 38 186.178 19.587
conv 66 -0.321 19.587
conv 26 -641.899 19.587
conv 79 -0.083 19.587
conv 31 0.635 7.594
conv 79 0.431 7.594
conv 25 -1.188 19.587
conv 23 -0.025 19.587
conv 45 0.024 19.587
linear 16 31.773 0.000

conv 50 48.889 19.438
conv 15 -1.249 19.634
conv 8 -0.159 19.173
conv 17 -22.857 19.011
conv 52 -0.311 18.715
conv 6 -1.738 16.921
conv 27 -0.291 16.372
conv 57 -4.437 17.590
conv 34 -1.971 19.238
conv 43 -11.648 11.363
conv 0 0.659 6.730
conv 66 -0.393 10.022
conv 38 1.956 7.310
conv 63 0.011 8.724
conv 12 0.901 6.377
conv 60 -0.255 6.377
conv 0 -4.534 14.417
conv 39 0.206 7.491
conv 54 0.285 7.594
conv 41 0.030 9.527
conv 60 0.179 7.594
conv 0 -0.031 7.594
conv 5 0.297 7.594
conv 55 -0.660 7.594
conv 3 -0.193 19.587
conv 75 0.095 11.071
conv 46 0.187 11.071
conv 0 0.207 11.071
conv 18 0.229 11.071
conv 34 -0.892 19.587
conv 55 -0.093 19.587
conv 71 -0.168 19.587
conv 33 0.240 7.594
conv 4 -0.299 19.587
conv 33 0.065 19.587
conv 24 -0.000 19.587
linear 72 4.419 19.587

conv 65 56.262 19.461
conv 78 -1.263 19.587
conv 25 -0.012 19.276
conv 26 -26.895 19.142
conv 76 -0.348 18.477
conv 17 -1.728 18.062
conv 21 -0.285 16.856
conv 34 -4.952 18.208
conv 20 -1.255 16.226
conv 52 -15.026 11.182
conv 76 0.415 6.811
conv 77 -0.330 9.703
conv 25 2.198 6.423
conv 3 0.016 9.077
conv 53 0.833 6.377
conv 31 -0.331 6.377
conv 23 -4.863 15.139
conv 19 10.235 0.000
conv 39 -0.388 0.000
conv 13 -0.932 0.000
conv 0 -0.344 0.000
conv 67 -0.411 0.000
conv 44 -0.384 0.000
conv 25 4.308 0.000
conv 70 -0.894 0.000
conv 79 1.568 0.000
conv 37 -0.634 0.000
conv 2 -0.445 0.000
conv 43 -0.578 0.000
conv 79 -10.310 7.756
conv 52 0.061 7.756
conv 47 -0.845 19.587
conv 72 0.245 7.594
conv 59 -0.363 19.587
conv 38 0.051 19.587
conv 75 -0.011 19.587
linear 11 36.779 0.000

conv 51 58.783 19.564
conv 70 -1.288 19.584
conv 1 1.040 19.580
conv 20 -28.322 19.157
conv 0 -0.324 18.577
conv 55 -1.847 17.394
conv 26 -0.302 17.413
conv 40 -6.448 15.366
conv 73 -1.082 16.361
conv 41 -14.627 8.962
conv 42 0.424 6.546
conv 12 -0.310 9.807
conv 32 1.654 6.584
conv 38 0.130 6.623
conv 69 0.840 6.377
conv 9 -0.375 6.377
conv 20 -5.431 13.176
conv 61 0.068 17.336
conv 34 0.259 15.938
conv 54 0.311 11.071
conv 40 -0.369 6.377
conv 64 -0.478 9.692
conv 21 -0.018 19.587
conv 28 0.170 11.071
conv 44 -0.164 19.587
conv 37 -0.014 19.587
conv 15 0.074 19.587
conv 17 15.024 19.587
conv 7 -14.919 19.587
conv 27 -0.170 19.587
conv 50 -0.095 19.587
conv 8 0.157 19.587
conv 7 0.285 7.594
conv 8 -0.402 19.587
conv 21 0.145 19.587
conv 70 -0.175 19.587
linear 10 31.780 0.000

conv 77 55.255 19.514
conv 34 -1.240 19.591
conv 4 -0.057 19.326
conv 11 -25.847 19.518
conv 58 0.436 18.927
conv 59 -2.681 16.268
conv 52 -0.438 16.011
conv 59 -5.538 17.471
conv 20 -1.799 16.457
conv 32 -13.605 11.482
conv 45 0.574 6.673
conv 50 -0.577 10.691
conv 7 2.427 6.377
conv 52 -0.022 6.377
conv 22 0.880 6.377
conv 34 -0.319 6.377
conv 76 -4.792 12.654
conv 27 -0.173 17.513
conv 11 0.441 15.938
conv 21 0.340 11.071
conv 1 -0.360 6.377
conv 76 -0.548 9.692
conv 10 0.012 19.587
conv 10 -0.051 19.587
conv 67 54.236 19.587
conv 19 -5.182 19.587
conv 72 -0.281 19.587
conv 19 32.240 19.587
conv 43 -0.044 19.587
conv 31 -80.968 19.587
conv 38 -0.038 19.587
conv 12 7.978 0.000
conv 18 0.068 0.000
conv 55 -0.108 0.000
conv 75 -4.825 6.127
conv 35 -0.737 19.587
linear 71 2.051 19.587

conv 79 47.239 19.465
conv 64 -1.045 19.587
conv 72 -0.108 19.276
conv 53 -21.822 19.257
conv 46 -0.365 18.500
conv 55 -1.977 18.035
conv 23 -0.247 16.929
conv 20 -4.824 14.828
conv 46 -0.811 19.438
conv 44 -11.833 11.179
conv 37 0.844 6.819
conv 6 -0.387 9.784
conv 31 1.611 6.407
conv 44 -0.011 9.073
conv 72 0.687 6.377
conv 67 -0.058 6.377
conv 37 -1.728 6.600
conv 12 -2.760 17.648
conv 36 0.480 15.938
conv 59 0.504 11.071
conv 43 -0.592 6.377
conv 62 -0.434 9.692
conv 19 -0.036 19.587
conv 78 -0.069 19.587
conv 48 -0.062 19.587
conv 78 0.069 19.587
conv 63 -0.002 19.587
conv 58 0.009 19.587
conv 70 0.005 19.587
conv 22 0.006 19.587
conv 76 0.001 19.587
conv 31 0.863 7.594
conv 55 0.587 7.594
conv 48 -1.547 19.587
conv 78 0.087 19.587
conv 68 -0.079 19.587
linear 43 4.766 0.000

conv 69 60.345 19.465
conv 66 -1.322 19.587
conv 75 -0.042 19.261
conv 45 -28.507 19.169
conv 25 -0.371 18.508
conv 17 -2.336 18.070
conv 52 -0.147 16.249
conv 28 -5.533 17.959
conv 68 -1.457 19.434
conv 6 -15.998 11.409
conv 68 0.550 6.653
conv 23 -0.384 9.957
conv 43 7.323 5.209
conv 36 -5.177 8.835
conv 58 0.630 6.377
conv 3 -0.258 6.377
conv 28 -4.724 16.622
conv 28 0.115 17.598
conv 36 0.044 15.938
conv 0 0.305 11.071
conv 3 -0.334 6.377
conv 63 -0.223 9.692
conv 46 -0.120 19.587
conv 49 0.522 6.377
conv 0 -0.499 19.587
conv 49 -0.003 19.587
conv 32 0.068 19.587
conv 47 0.330 19.587
conv 9 -0.323 19.587
conv 0 -0.022 19.587
conv 35 -0.062 19.587
conv 13 12.065 11.071
conv 5 0.114 11.071
conv 76 -0.521 11.071
conv 64 -3.062 11.071
conv 27 0.547 11.071
linear 8 -4.827 19.587

conv 30 58.091 19.522
conv 65 -1.556 19.818
conv 41 -0.017 19.176
conv 75 -27.631 18.454
conv 21 0.258 19.307
conv 20 4.863 19.587
conv 18 -7.921 19.295
conv 33 -4.893 19.415
conv 54 -1.762 19.434
conv 29 -14.909 11.747
conv 59 0.367 6.711
conv 28 -0.540 10.337
conv 8 5.171 6.377
conv 49 -2.584 6.377
conv 45 0.705 6.377
conv 28 -0.313 6.377
conv 59 -4.711 13.069
conv 51 0.007 17.559
conv 48 0.100 15.938
conv 16 0.215 11.071
conv 74 -0.025 6.377
conv 15 -0.390 9.692
conv 58 -0.055 19.587
conv 13 -0.116 19.587
conv 16 0.070 19.587
conv 54 0.010 19.587
conv 75 -0.014 19.587
conv 28 0.051 19.587
conv 23 -0.039 19.587
conv 57 0.024 19.587
conv 64 -0.088 19.587
conv 37 0.046 19.587
conv 31 0.168 7.594
conv 28 -0.263 19.587
conv 46 0.027 19.587
conv 29 -0.006 19.587
linear 58 4.435 0.000

conv 13 60.616 19.441
conv 54 -2.325 18.692
conv 45 -0.071 18.984
conv 53 -28.222 18.738
conv 22 0.978 19.480
conv 43 -1.873 17.855
conv 74 -0.140 17.555
conv 77 -7.850 15.304
conv 32 -2.260 15.750
conv 60 -14.573 9.769
conv 74 -0.115 6.692
conv 56 -0.434 12.166
conv 3 2.733 6.377
conv 43 0.023 6.377
conv 40 0.509 6.377
conv 2 0.187 6.377
conv 79 -4.463 13.472
conv 11 -0.141 15.101
conv 60 0.161 15.938
conv 19 3.134 6.377
conv 43 -3.159 6.377
conv 5 -0.276 9.692
conv 69 -0.083 7.594
conv 64 -0.007 19.587
conv 33 -0.012 19.587
conv 17 0.013 19.587
conv 13 1.624 15.938
conv 56 -0.254 15.938
conv 18 -0.204 15.938
conv 63 -0.086 15.938
conv 65 0.213 15.938
conv 5 -1.293 19.587
conv 40 0.209 7.594
conv 7 -0.271 19.587
conv 32 0.121 19.587
conv 23 -0.072 19.587
linear 31 7.379 0.000

conv 20 56.812 19.472
conv 16 -1.862 19.426
conv 77 -0.062 18.788
conv 11 -26.223 19.384
conv 2 -0.579 18.581
conv 36 -3.039 18.262
conv 54 -0.267 17.874
conv 31 -4.486 18.900
conv 30 -1.855 18.489
conv 19 -13.108 11.278
conv 62 0.692 6.926
conv 54 -0.268 9.511
conv 2 1.776 5.966
conv 79 0.019 8.989
conv 9 0.850 8.413
conv 62 -0.318 7.933
conv 74 -5.294 14.916
conv 79 0.042 17.206
conv 10 2.748 6.377
conv 33 -0.222 0.000
conv 56 0.112 6.377
conv 18 -0.218 0.000
conv 17 0.197 0.000
conv 26 -1.213 0.000
conv 16 0.767 0.000
conv 63 2.081 0.000
conv 62 1.733 0.000
conv 23 2.028 0.000
conv 27 -6.634 15.938
conv 24 -1.610 15.938
conv 14 0.020 15.938
conv 65 -0.262 19.587
conv 6 0.169 7.594
conv 35 -0.211 19.587
conv 33 -0.050 19.587
conv 0 4.455 6.699
linear 2 -0.058 19.587

conv 24 50.030 19.537
conv 28 -0.755 19.595
conv 54 -0.121 18.884
conv 46 -23.387 19.161
conv 74 -0.333 18.704
conv 78 -2.265 17.978
conv 12 -1.055 12.392
conv 47 -4.768 15.220
conv 32 -2.017 17.843
conv 75 -11.211 9.127
conv 73 -0.096 6.765
conv 9 6.396 6.699
conv 24 -1.301 5.797
conv 47 -0.174 6.680
conv 49 1.018 6.634
conv 73 -0.012 6.377
conv 59 -6.037 14.171
conv 8 0.519 15.900
conv 67 -1.685 15.938
conv 1 0.824 11.071
conv 40 -0.726 6.377
conv 72 -0.525 9.692
conv 68 0.059 7.594
conv 23 -0.079 19.587
conv 3 0.040 19.587
conv 72 -0.040 19.587
conv 27 0.057 19.587
conv 62 0.021 19.587
conv 29 0.053 19.587
conv 12 -0.169 19.587
conv 64 -0.074 15.938
conv 60 0.180 19.587
conv 40 0.320 7.594
conv 14 -0.449 19.587
conv 77 0.196 19.587
conv 7 -0.168 19.587
linear 61 4.456 0.000

conv 29 52.529 19.537
conv 39 -0.968 19.587
conv 77 -0.020 19.311
conv 10 -24.348 19.587
conv 3 -0.577 18.646
conv 40 0.155 17.621
conv 59 -1.653 16.929
conv 43 -4.814 18.151
conv 58 -1.199 19.445
conv 39 -14.249 11.098
conv 37 0.489 6.845
conv 36 -0.316 10.022
conv 36 2.330 7.817
conv 41 -0.298 9.000
conv 71 0.739 6.377
conv 8 -0.214 6.377
conv 19 -5.063 14.720
conv 1 0.013 17.505
conv 48 0.121 15.938
conv 49 0.985 11.071
conv 79 -0.880 6.377
conv 40 -0.369 9.692
conv 40 -0.031 19.587
conv 48 -0.038 19.587
conv 9 0.005 19.587
conv 28 1.444 15.938
conv 57 -1.440 19.587
conv 34 0.045 19.587
conv 23 0.009 19.587
conv 44 -0.042 19.587
conv 42 -0.062 19.587
conv 7 0.062 19.587
conv 53 0.259 7.594
conv 25 -0.336 19.587
conv 43 0.150 19.587
conv 57 -0.113 19.587
linear 48 6.279 0.000

conv 13 52.374 19.441
conv 42 -2.206 18.788
conv 32 0.026 18.589
conv 9 -16.985 19.587
conv 3 -7.774 18.347
conv 13 -1.491 18.009
conv 53 -0.347 17.805
conv 34 -4.284 18.777
conv 56 -1.387 19.303
conv 44 -12.813 11.179
conv 23 0.590 6.838
conv 35 -0.374 9.534
conv 7 1.739 6.400
conv 57 0.043 9.043
conv 25 0.832 6.377
conv 62 -0.277 6.377
conv 21 -2.601 13.019
conv 63 -2.337 17.644
conv 52 0.290 15.938
conv 20 0.026 11.071
conv 23 -0.377 6.377
conv 67 -0.380 19.587
conv 1 -0.069 19.587
conv 5 0.058 19.587
conv 41 0.051 19.587
conv 50 -0.057 19.587
conv 14 0.163 19.587
conv 42 -0.038 19.587
conv 53 0.057 19.587
conv 48 -0.142 19.587
conv 76 -0.072 15.938
conv 77 0.039 19.587
conv 28 0.188 7.594
conv 17 -0.223 19.587
conv 22 0.089 19.587
conv 62 -0.115 19.587
linear 54 4.531 0.000

conv 37 57.547 19.480
conv 2 -1.180 19.587
conv 72 -0.260 19.295
conv 63 -27.372 19.192
conv 40 -0.346 18.758
conv 72 -1.787 17.348
conv 7 -0.267 16.814
conv 79 -4.746 18.051
conv 63 -1.615 19.418
conv 49 -14.840 11.129
conv 66 0.512 6.819
conv 53 -0.437 9.792
conv 59 2.200 6.615
conv 42 0.029 9.235
conv 37 -2.686 17.636
conv 20 3.138 6.377
conv 7 -5.368 14.663
conv 57 0.169 17.559
conv 1 21.128 0.000
conv 25 8.007 0.000
conv 0 -12.586 0.000
conv 0 -0.508 0.000
conv 1 -5.149 0.000
conv 77 0.447 0.000
conv 26 -1.755 0.000
conv 54 0.162 0.000
conv 72 0.671 0.000
conv 16 4.591 0.000
conv 36 0.795 0.000
conv 13 -16.166 19.587
conv 37 -0.066 19.587
conv 7 0.058 19.587
conv 14 0.197 7.594
conv 54 -0.286 19.587
conv 77 0.021 19.587
conv 19 -0.058 19.587
linear 54 4.518 0.000

conv 14 51.009 19.564
conv 22 -0.857 19.576
conv 63 -0.080 18.950
conv 38 -23.281 19.226
conv 75 -0.287 18.516
conv 62 -1.162 16.618
conv 34 -0.036 17.544
conv 69 -4.938 18.066
conv 15 2.205 19.411
conv 32 -16.928 13.944
conv 8 -0.229 12.404
conv 33 -0.152 14.640
conv 54 1.261 6.081
conv 37 -0.002 6.085
conv 50 -0.106 12.711
conv 22 -0.234 13.314
conv 32 -3.675 12.765
conv 57 0.073 13.380
conv 39 0.322 15.938
conv 49 0.929 11.071
conv 72 -1.056 6.377
conv 19 -0.032 6.377
conv 11 -0.411 19.587
conv 23 -0.050 19.587
conv 69 0.039 19.587
conv 23 10.227 0.000
conv 51 -10.207 19.587
conv 48 0.038 19.587
conv 74 0.017 19.587
conv 24 -0.074 19.587
conv 24 -0.032 19.587
conv 17 -0.001 19.587
conv 58 0.244 7.594
conv 46 -0.313 19.587
conv 22 0.114 19.587
conv 69 -0.067 19.587
linear 53 4.478 0.000

conv 40 52.312 19.503
conv 62 -1.290 19.687
conv 72 -0.108 19.242
conv 12 -24.830 18.616
conv 22 0.886 18.105
conv 19 3.971 19.587
conv 46 -5.185 17.429
conv 73 -7.511 15.381
conv 62 -1.991 15.953
conv 76 -12.526 9.726
conv 71 -0.063 6.696
conv 10 -0.501 12.177
conv 42 2.946 6.377
conv 44 0.111 6.377
conv 10 3.661 8.824
conv 76 -3.095 6.377
conv 57 -4.351 10.606
conv 29 3.302 0.000
conv 7 -1.496 6.377
conv 37 0.430 6.377
conv 5 0.049 6.377
conv 11 8.204 6.377
conv 61 -0.364 19.587
conv 31 1.004 19.587
conv 32 0.262 19.587
conv 19 0.249 7.756
conv 47 -0.101 7.756
conv 62 1.384 19.587
conv 5 -0.241 19.587
conv 40 -12.565 19.587
conv 4 -0.057 19.587
conv 21 2.623 7.594
conv 62 0.442 7.594
conv 48 -3.419 19.587
conv 68 0.115 19.587
conv 69 -0.005 19.587
linear 68 4.464 0.000

conv 74 64.980 19.568
conv 11 -1.390 19.618
conv 24 -0.018 18.946
conv 75 -30.643 19.169
conv 42 -0.319 19.038
conv 66 -2.022 16.776
conv 26 -0.288 16.414
conv 55 -6.882 17.048
conv 64 -1.649 19.211
conv 56 -17.162 11.559
conv 56 0.572 6.603
conv 69 -0.399 10.333
conv 18 2.364 6.377
conv 21 0.081 6.569
conv 11 -2.258 6.922
conv 48 2.437 6.377
conv 54 -4.741 12.957
conv 15 0.064 17.586
conv 66 0.045 15.938
conv 52 0.165 11.071
conv 42 -0.275 6.377
conv 29 -0.348 9.692
conv 37 0.007 19.587
conv 50 0.067 19.587
conv 40 1.579 19.587
conv 50 0.793 19.587
conv 52 0.136 19.587
conv 12 1.326 19.587
conv 44 0.055 19.587
conv 16 -3.839 19.587
conv 42 -0.123 19.587
conv 6 0.061 19.587
conv 23 0.205 7.594
conv 75 -0.223 19.587
conv 27 0.117 19.587
conv 34 -0.119 19.587
linear 70 4.367 19.587

conv 58 58.830 19.476
conv 60 -1.365 19.587
conv 77 -0.107 18.769
conv 42 -28.037 19.238
conv 20 -0.167 18.831
conv 62 -2.514 16.115
conv 43 -0.246 16.195
conv 16 7.098 19.587
conv 60 6.934 19.587
conv 37 -26.775 18.516
conv 14 5.663 16.983
conv 47 -0.176 17.160
conv 51 8.504 15.957
conv 2 0.038 15.953
conv 66 -4.351 13.579
conv 65 -0.113 13.503
conv 68 -18.412 17.002
conv 56 0.063 12.938
conv 41 -1.738 15.938
conv 28 0.764 9.692
conv 54 -1.008 9.692
conv 42 19.874 6.377
conv 36 -19.312 9.692
conv 1 -0.123 9.692
conv 52 -0.339 9.692
conv 32 -0.258 9.692
conv 31 0.113 9.692
conv 30 0.215 9.692
conv 1 -0.037 9.692
conv 38 -0.601 19.587
conv 54 -0.030 15.938
conv 70 0.012 19.587
conv 52 0.276 7.594
conv 77 -0.365 19.587
conv 33 0.161 19.587
conv 73 -0.169 19.587
linear 57 4.473 0.000

conv 64 53.598 19.568
conv 38 -1.123 19.599
conv 18 2.836 19.584
conv 48 -26.736 19.576
conv 68 0.043 19.603
conv 9 -1.388 19.173
conv 28 -0.260 19.123
conv 5 9.939 19.587
conv 24 -18.173 18.984
conv 60 -13.371 9.058
conv 35 0.169 6.588
conv 66 -0.361 10.529
conv 73 1.775 6.392
conv 73 0.029 6.480
conv 0 0.679 6.377
conv 4 -0.241 6.377
conv 76 -4.713 12.961
conv 52 -0.187 18.012
conv 55 0.123 15.938
conv 23 0.257 11.071
conv 79 -0.162 6.377
conv 35 -0.290 9.692
conv 1 -0.055 7.594
conv 61 -0.020 19.587
conv 79 0.035 19.587
conv 61 -0.045 19.587
conv 45 0.024 19.587
conv 23 0.021 19.587
conv 48 0.037 19.587
conv 43 -0.047 19.587
conv 71 -0.081 15.938
conv 76 0.052 19.587
conv 77 0.263 7.594
conv 34 -0.347 19.587
conv 45 0.191 19.587
conv 66 -0.143 19.587
linear 62 4.378 0.000

conv 46 56.935 19.511
conv 63 -1.090 19.595
conv 43 -0.085 19.292
conv 39 -27.282 19.226
conv 27 -0.580 17.551
conv 49 -0.883 16.603
conv 9 -1.467 13.579
conv 31 -3.975 16.599
conv 35 -1.867 19.238
conv 6 -15.994 9.150
conv 22 -0.067 6.765
conv 14 -0.277 11.382
conv 67 2.472 6.377
conv 51 0.014 6.377
conv 40 0.491 6.377
conv 24 0.088 6.377
conv 23 -3.779 12.884
conv 49 -0.156 12.919
conv 18 0.577 15.938
conv 45 0.329 15.938
conv 47 -0.823 6.377
conv 65 -0.169 19.587
conv 69 0.044 19.587
conv 76 0.084 19.587
conv 78 -0.197 19.587
conv 32 0.102 19.587
conv 32 -0.058 19.587
conv 79 0.081 19.587
conv 59 0.031 19.587
conv 52 -0.071 19.587
conv 46 -0.053 19.587
conv 60 -0.019 19.587
conv 24 0.282 7.594
conv 64 -0.380 19.587
conv 41 0.168 19.587
conv 65 -0.152 19.587
linear 72 4.445 19.587

conv 67 56.352 19.514
conv 57 -1.236 19.587
conv 26 -0.083 19.319
conv 28 -26.702 19.150
conv 1 -0.378 19.295
conv 77 -2.290 18.132
conv 24 -0.165 17.697
conv 10 -0.133 12.638
conv 64 -6.342 19.434
conv 75 -14.147 11.259
conv 75 0.628 6.911
conv 16 -0.394 9.746
conv 20 228.217 6.208
conv 16 -226.068 8.801
conv 8 0.798 6.442
conv 24 -0.173 6.377
conv 49 -5.255 14.893
conv 73 0.107 17.444
conv 25 -0.077 15.938
conv 79 0.176 15.938
conv 11 0.352 6.377
conv 0 -0.898 9.692
conv 13 0.488 7.594
conv 58 -0.238 6.377
conv 76 0.251 6.377
conv 25 -0.257 9.692
conv 23 0.006 9.692
conv 76 -0.090 9.692
conv 77 0.120 9.692
conv 12 -0.130 15.938
conv 45 0.189 15.938
conv 77 -0.219 19.587
conv 50 0.271 7.594
conv 58 -0.391 19.587
conv 73 0.022 19.587
conv 48 -0.047 19.587
linear 66 4.460 0.000

conv 5 60.841 19.587
conv 34 -1.538 19.591
conv 67 -0.028 19.584
conv 76 -28.492 19.587
conv 46 -0.341 19.461
conv 69 -1.301 18.285
conv 28 -0.436 18.243
conv 67 -6.118 18.158
conv 47 -1.321 19.449
conv 24 -16.313 11.301
conv 53 0.326 6.849
conv 37 -0.339 9.534
conv 6 2.236 7.107
conv 12 0.115 8.659
conv 47 -2.036 10.522
conv 26 2.300 6.377
conv 25 -5.112 14.951
conv 11 0.067 17.505
conv 23 0.237 15.938
conv 0 0.094 11.071
conv 57 -0.295 6.377
conv 12 0.241 19.587
conv 6 -0.567 9.692
conv 31 0.308 9.692
conv 32 -0.336 19.587
conv 43 0.412 15.938
conv 35 -0.381 19.587
conv 68 0.008 19.587
conv 32 0.005 19.587
conv 58 -0.036 19.587
conv 50 -0.075 19.587
conv 65 0.102 19.587
conv 24 0.213 7.594
conv 38 -0.267 19.587
conv 21 0.108 19.587
conv 70 -0.028 19.587
linear 41 4.534 0.000

conv 74 57.289 19.568
conv 17 -1.242 19.587
conv 36 -0.056 19.088
conv 65 -26.811 19.165
conv 58 0.405 18.942
conv 43 -2.956 16.222
conv 55 -0.238 16.065
conv 29 -5.413 17.813
conv 23 -1.776 19.484
conv 64 -14.382 11.451
conv 60 0.578 6.815
conv 31 -0.442 10.376
conv 39 2.021 6.400
conv 26 -0.029 8.198
conv 46 0.680 6.377
conv 42 -0.357 6.377
conv 35 -4.615 14.302
conv 78 0.037 17.041
conv 78 0.057 15.938
conv 57 0.298 11.071
conv 72 -0.172 6.377
conv 78 -0.374 9.692
conv 76 -0.046 19.587
conv 31 0.240 9.692
conv 29 -0.260 19.587
conv 24 0.352 15.938
conv 32 -0.306 19.587
conv 62 0.045 19.587
conv 41 -0.008 19.587
conv 4 -0.058 19.587
conv 15 -0.077 19.587
conv 3 0.052 19.587
conv 62 0.237 7.594
conv 69 -0.315 19.587
conv 2 0.078 19.587
conv 46 -0.061 19.587
linear 20 14.545 0.000

conv 12 53.602 19.649
conv 2 -2.553 19.587
conv 52 -0.611 19.307
conv 69 -23.909 19.242
conv 47 -0.408 19.134
conv 47 -0.797 18.681
conv 19 -0.066 17.375
conv 76 -5.299 18.427
conv 38 -2.129 19.319
conv 37 -12.935 9.450
conv 12 0.298 6.984
conv 27 -0.245 9.450
conv 34 2.807 5.232
conv 56 -0.803 6.711
conv 4 0.715 8.509
conv 24 -0.223 6.407
conv 13 -4.930 15.700
conv 39 0.487 9.942
conv 18 0.056 7.594
conv 9 -0.231 7.594
conv 33 0.474 7.594
conv 3 0.010 7.594
conv 5 0.247 7.594
conv 7 -0.608 7.594
conv 46 -0.225 19.587
conv 63 0.101 11.071
conv 49 0.577 11.071
conv 40 -0.023 15.938
conv 2 -0.196 11.071
conv 57 -0.462 19.587
conv 38 -0.181 19.587
conv 58 -0.128 19.587
conv 11 0.218 7.594
conv 17 -0.285 19.587
conv 0 2.444 19.587
conv 40 -2.381 19.587
linear 25 16.503 0.000

conv 17 58.106 19.403
conv 8 -2.961 19.576
conv 59 -0.116 19.176
conv 67 -25.882 19.234
conv 64 -0.623 18.558
conv 4 -2.101 18.677
conv 20 -0.000 15.834
conv 76 -4.153 17.210
conv 23 -1.681 19.430
conv 50 -15.909 11.743
conv 1 0.367 6.815
conv 17 -0.457 10.134
conv 8 5.556 6.377
conv 47 -2.999 6.377
conv 7 0.619 6.377
conv 44 -0.347 6.377
conv 4 -4.845 12.665
conv 57 0.037 17.317
conv 66 0.322 15.938
conv 57 0.358 11.071
conv 63 -0.367 6.377
conv 3 -0.537 9.692
conv 50 0.017 19.587
conv 12 -0.022 19.587
conv 77 0.015 19.587
conv 26 0.797 15.938
conv 77 -0.718 19.587
conv 25 0.062 19.587
conv 0 0.048 19.587
conv 10 -0.188 19.587
conv 23 -0.052 19.587
conv 42 0.428 19.587
conv 23 0.186 19.587
conv 41 2.465 7.756
conv 77 -2.854 19.587
conv 23 -0.214 19.587
linear 56 4.380 0.000

conv 9 56.443 19.587
conv 50 -1.524 19.591
conv 43 -0.020 19.591
conv 22 -26.274 19.595
conv 2 -0.371 19.472
conv 60 -1.639 19.434
conv 15 27.595 19.587
conv 63 -2.578 19.587
conv 79 3.017 19.587
conv 60 -49.517 11.309
conv 3 0.713 6.899
conv 33 -0.335 9.615
conv 46 1.677 9.619
conv 78 0.106 7.994
conv 28 -0.084 8.601
conv 76 0.550 6.377
conv 12 -5.064 14.878
conv 4 -0.126 17.340
conv 0 0.251 15.938
conv 61 0.304 11.071
conv 70 -0.467 6.377
conv 70 -0.299 9.692
conv 59 -0.052 19.587
conv 17 0.027 19.587
conv 59 0.010 19.587
conv 61 -0.051 19.587
conv 59 0.096 19.587
conv 70 0.021 19.587
conv 51 -0.001 19.587
conv 55 -0.057 19.587
conv 34 -0.068 19.587
conv 65 -0.003 19.587
conv 20 0.242 7.594
conv 63 -0.288 19.587
conv 65 0.178 19.587
conv 33 -0.130 19.587
linear 76 4.427 19.587

conv 75 50.800 19.461
conv 73 -1.121 19.603
conv 49 -0.070 19.249
conv 31 -23.604 19.004
conv 6 -0.219 18.489
conv 70 -1.833 18.074
conv 69 -0.245 16.929
conv 52 -4.608 18.170
conv 16 -1.409 19.438
conv 34 -13.086 11.129
conv 1 0.545 6.842
conv 2 -1.108 15.539
conv 16 3.024 2.843
conv 31 0.074 12.281
conv 32 -0.477 12.104
conv 55 -0.210 11.920
conv 65 -4.015 13.161
conv 21 0.230 8.113
conv 17 -0.103 15.938
conv 50 0.222 11.071
conv 1 -0.140 6.377
conv 72 -0.289 9.692
conv 60 -0.074 19.587
conv 54 0.025 19.587
conv 58 -0.076 19.587
conv 32 0.019 19.587
conv 31 -0.016 19.587
conv 16 1.741 6.377
conv 61 -1.735 19.587
conv 31 0.022 19.587
conv 13 -0.089 19.587
conv 35 0.076 19.587
conv 50 0.207 7.594
conv 44 -0.252 19.587
conv 13 0.171 19.587
conv 59 -0.126 19.587
linear 67 4.442 0.000

conv 41 60.657 19.549
conv 20 -1.303 19.587
conv 12 -0.107 19.303
conv 72 -28.725 19.142
conv 52 -0.312 18.723
conv 0 -1.361 17.018
conv 76 -0.274 16.464
conv 29 -5.904 17.759
conv 11 -1.879 19.272
conv 22 -15.948 11.524
conv 67 0.226 6.669
conv 12 -0.369 9.688
conv 48 2.204 7.356
conv 23 0.078 8.716
conv 34 -0.134 10.883
conv 12 -1.576 19.561
conv 15 -2.784 15.243
conv 33 0.060 13.407
conv 26 0.264 15.938
conv 66 0.353 11.071
conv 70 -0.393 6.377
conv 45 -0.421 9.692
conv 62 -0.003 19.587
conv 12 -0.012 19.587
conv 65 0.002 19.587
conv 48 -0.113 19.587
conv 54 0.115 19.587
conv 8 0.030 19.587
conv 3 0.053 19.587
conv 48 -0.095 19.587
conv 32 -0.084 19.587
conv 28 0.087 19.587
conv 35 0.265 7.594
conv 13 -0.366 19.587
conv 25 0.147 19.587
conv 11 -0.088 19.587
linear 60 4.422 0.000

conv 36 55.342 19.572
conv 19 -1.211 19.584
conv 36 -0.028 18.919
conv 77 -26.602 19.165
conv 24 -0.318 18.850
conv 65 -0.905 18.074
conv 49 -0.121 17.021
conv 73 -6.207 18.166
conv 49 -1.452 19.407
conv 70 -13.877 11.159
conv 22 0.394 6.872
conv 3 0.784 19.572
conv 25 0.008 12.266
conv 12 0.237 13.841
conv 1 -0.453 13.314
conv 1 -0.113 13.745
conv 56 -3.115 16.096
conv 76 0.074 16.937
conv 36 0.585 15.938
conv 16 0.423 11.071
conv 49 -0.597 6.377
conv 42 -0.595 9.692
conv 5 0.071 19.587
conv 75 -0.058 19.587
conv 24 -0.012 19.587
conv 27 -0.016 19.587
conv 34 0.045 19.587
conv 27 5.565 19.587
conv 40 -5.443 19.587
conv 67 -0.143 19.587
conv 5 0.003 19.587
conv 1 0.029 19.587
conv 19 0.321 7.594
conv 42 -0.468 19.587
conv 68 0.150 19.587
conv 33 -0.125 19.587
linear 30 6.383 0.000

conv 50 55.282 19.438
conv 10 -1.452 19.622
conv 74 -0.067 19.192
conv 26 -26.167 19.084
conv 16 -0.393 18.135
conv 52 -2.293 16.215
conv 61 -0.137 16.653
conv 42 -5.059 17.809
conv 13 -1.424 19.426
conv 72 -13.322 11.159
conv 20 0.659 6.811
conv 41 -0.457 9.838
conv 52 1.801 6.450
conv 9 -0.009 9.100
conv 56 0.775 6.377
conv 8 -0.202 6.377
conv 58 -5.012 14.974
conv 67 -0.035 17.555
conv 45 -0.010 15.938
conv 19 3.447 6.377
conv 25 -2.999 6.377
conv 29 -0.587 9.692
conv 37 -0.012 9.692
conv 30 -0.046 9.692
conv 26 12.161 19.587
conv 21 -0.677 19.587
conv 38 -0.011 19.587
conv 57 7.037 19.587
conv 48 -0.130 19.587
conv 26 -18.416 19.587
conv 41 -0.004 15.938
conv 34 0.415 7.594
conv 17 0.576 7.594
conv 51 -0.210 6.699
conv 66 -0.769 19.587
conv 77 -0.063 19.587
linear 4 4.518 19.587

conv 40 52.550 19.503
conv 18 -1.375 19.687
conv 78 0.004 19.257
conv 40 -25.079 18.846
conv 78 -0.258 18.508
conv 14 37.911 19.587
conv 20 -39.846 15.831
conv 5 10.258 19.587
conv 71 -16.832 19.418
conv 50 -13.147 11.743
conv 75 0.569 6.815
conv 78 -0.667 11.029
conv 23 11.477 5.739
conv 69 -8.908 6.384
conv 21 -1.775 6.527
conv 35 2.080 6.377
conv 75 -4.340 12.642
conv 20 1.003 19.587
conv 0 0.086 19.587
conv 38 4.470 19.587
conv 76 0.684 19.587
conv 4 0.380 19.587
conv 77 -6.960 19.587
conv 1 -0.024 19.587
conv 32 -0.019 19.587
conv 0 -0.032 19.587
conv 58 0.027 19.587
conv 5 6.121 0.000
conv 11 -6.069 19.587
conv 53 -0.043 19.587
conv 75 -0.007 19.587
conv 3 0.018 19.587
conv 61 0.281 7.594
conv 39 -0.377 19.587
conv 66 0.135 19.587
conv 29 -0.094 19.587
linear 43 4.769 0.000

conv 74 57.289 19.568
conv 17 -1.242 19.587
conv 36 -0.056 19.088
conv 65 -26.811 19.165
conv 58 0.405 18.942
conv 43 -2.956 16.222
conv 55 -0.238 16.065
conv 29 -5.413 17.813
conv 23 -1.776 19.484
conv 64 -14.382 11.451
conv 60 0.578 6.815
conv 31 -0.442 10.376
conv 39 2.021 6.400
conv 26 -0.029 8.198
conv 46 0.680 6.377
conv 42 -0.357 6.377
conv 35 -4.615 14.302
conv 78 0.037 17.041
conv 78 0.057 15.938
conv 57 0.298 11.071
conv 72 -0.172 6.377
conv 78 -0.374 9.692
conv 76 -0.046 19.587
conv 31 0.240 9.692
conv 29 -0.260 19.587
conv 24 0.352 15.938
conv 32 -0.306 19.587
conv 62 0.045 19.587
conv 41 -0.008 19.587
conv 4 -0.058 19.587
conv 15 -0.077 19.587
conv 3 0.052 19.587
conv 62 0.237 7.594
conv 69 -0.315 19.587
conv 2 0.078 19.587
conv 46 -0.061 19.587
linear 20 14.545 0.000

conv 60 53.440 19.491
conv 3 -0.658 19.591
conv 58 -0.768 19.564
conv 17 -25.146 19.488
conv 57 -0.336 19.299
conv 3 9.686 19.587
conv 52 -12.279 16.249
conv 49 -4.908 18.397
conv 66 -2.033 19.468
conv 72 -12.448 10.622
conv 57 0.687 6.619
conv 22 -0.418 9.888
conv 23 13.159 5.685
conv 58 -11.430 6.984
conv 79 0.869 6.377
conv 73 -0.267 6.377
conv 3 -4.458 12.953
conv 57 -0.170 17.663
conv 22 0.779 6.377
conv 73 0.026 6.377
conv 69 -0.358 6.377
conv 54 -0.234 6.377
conv 5 -0.071 6.377
conv 43 0.274 6.377
conv 1 -0.177 6.377
conv 35 -0.314 19.587
conv 49 0.170 19.587
conv 23 0.312 19.587
conv 9 -0.142 19.587
conv 3 -0.191 19.587
conv 29 -0.084 19.587
conv 1 -0.289 19.587
conv 26 0.246 7.594
conv 53 -0.291 19.587
conv 69 0.133 19.587
conv 76 -0.078 19.587
linear 6 4.413 19.587

conv 15 56.523 19.595
conv 27 -1.261 19.610
conv 0 -0.006 19.319
conv 26 -26.229 19.119
conv 18 20.224 19.587
conv 25 -20.545 13.568
conv 49 -1.408 11.444
conv 40 -7.452 14.156
conv 51 -1.828 17.432
conv 38 -14.445 9.465
conv 72 -0.022 6.757
conv 31 -0.369 11.663
conv 77 2.622 6.377
conv 74 -0.022 6.381
conv 63 0.877 6.377
conv 73 -0.263 6.377
conv 4 -3.735 12.907
conv 54 -0.226 16.042
conv 4 6.443 9.158
conv 67 0.617 9.158
conv 23 0.101 9.158
conv 56 0.070 9.158
conv 4 -0.309 9.158
conv 25 0.380 9.158
conv 64 -0.602 9.158
conv 8 -0.341 9.158
conv 20 -0.434 9.158
conv 66 0.567 9.158
conv 7 0.041 9.158
conv 7 -0.547 9.158
conv 79 -0.112 9.158
conv 46 -6.066 19.587
conv 16 0.208 7.594
conv 70 -0.266 19.587
conv 41 0.078 19.587
conv 3 -0.080 19.587
linear 17 65.674 0.000

conv 13 57.475 19.441
conv 59 -2.497 18.750
conv 43 -0.030 18.965
conv 36 -26.105 18.689
conv 70 -0.369 18.247
conv 17 -2.565 18.366
conv 73 -0.341 17.866
conv 36 -2.826 19.269
conv 72 -4.104 19.261
conv 39 -13.837 11.006
conv 36 0.421 6.822
conv 3 0.762 19.580
conv 74 -0.181 12.193
conv 62 0.291 15.765
conv 40 -0.922 12.231
conv 76 0.286 13.733
conv 37 -0.896 7.671
conv 23 -1.978 17.002
conv 50 0.464 15.938
conv 40 0.289 11.071
conv 62 -0.463 6.377
conv 38 -0.477 9.692
conv 41 -0.036 19.587
conv 36 -0.010 19.587
conv 52 -0.030 19.587
conv 9 0.019 19.587
conv 15 0.088 19.587
conv 76 0.008 19.587
conv 16 0.044 19.587
conv 37 -0.106 19.587
conv 66 -0.022 19.587
conv 45 0.002 19.587
conv 33 0.240 7.594
conv 42 -0.340 19.587
conv 8 0.010 19.587
conv 21 0.008 19.587
linear 69 4.445 0.000

