conv 53 19.485 16.576
conv 58 -7.946 19.107
conv 51 -8.059 19.587
conv 9 -0.158 9.692
conv 14 0.473 19.587
linear 70 2.548 6.377
linear 2 0.098 6.377
linear 22 6.709 19.587

conv 20 17.183 16.660
conv 77 -11.666 16.411
conv 13 -1.982 19.587
conv 52 -0.085 9.692
conv 61 -0.275 9.692
linear 11 3.230 6.377
linear 6 0.097 6.377
linear 39 7.148 19.587

conv 18 20.520 16.207
conv 63 -15.084 16.399
conv 17 -1.768 19.587
conv 63 -0.090 9.692
conv 24 -0.152 19.587
linear 0 2.923 6.377
linear 42 0.095 6.377
linear 22 8.007 19.587

conv 4 16.661 15.946
conv 76 -11.177 16.484
conv 21 -1.747 19.587
conv 24 -0.094 9.692
conv 50 -0.275 9.692
linear 49 3.009 6.377
linear 23 0.095 6.377
linear 50 6.620 19.587

conv 72 18.073 16.545
conv 22 158.154 19.157
conv 68 -172.715 19.587
conv 47 0.015 9.692
conv 51 -0.169 9.692
linear 38 3.027 6.377
linear 61 0.098 6.377
linear 37 5.762 19.587

conv 60 15.430 16.568
conv 26 -10.449 16.411
conv 45 -1.384 19.587
conv 52 -0.228 9.692
conv 40 -0.203 9.692
linear 6 3.197 6.377
linear 72 0.099 6.377
linear 51 5.500 19.587

conv 78 16.254 16.557
conv 36 -11.312 16.461
conv 36 300.338 19.587
conv 19 -301.825 9.692
conv 72 -0.169 9.692
linear 27 3.065 6.377
linear 62 0.099 6.377
linear 77 4.180 19.587

conv 11 18.761 16.161
conv 28 66.923 19.342
conv 54 -82.041 19.587
conv 33 -0.154 9.692
conv 44 -0.170 9.692
linear 67 3.060 6.377
linear 19 0.097 6.377
linear 41 7.765 19.587

conv 6 17.295 16.384
conv 26 -13.227 19.338
conv 64 -0.324 19.587
conv 25 -0.043 9.692
conv 52 -0.340 9.692
linear 63 2.975 6.377
linear 78 0.095 6.377
linear 37 5.192 19.587

conv 5 19.584 15.834
conv 2 -14.610 16.461
conv 61 -1.690 19.587
conv 72 -0.062 9.692
conv 54 -0.267 9.692
linear 23 3.391 6.377
linear 68 0.100 6.377
linear 3 7.398 19.587

conv 13 18.772 16.530
conv 73 -13.666 16.411
conv 3 -1.442 19.587
conv 73 -0.231 9.692
conv 54 -0.149 9.692
linear 55 3.079 6.377
linear 44 0.096 6.377
linear 68 8.772 19.587

conv 68 18.784 16.537
conv 43 -13.229 16.399
conv 41 -1.988 19.587
conv 16 -0.196 9.692
conv 48 -0.072 9.692
linear 44 3.101 6.377
linear 71 0.100 6.377
linear 13 5.894 6.127

conv 28 18.070 16.353
conv 41 71.354 18.158
conv 74 -86.028 19.587
conv 67 0.020 9.692
conv 17 0.398 19.587
linear 44 2.512 6.377
linear 14 0.097 6.377
linear 6 6.081 19.587

conv 21 19.529 16.334
conv 59 34.529 19.392
conv 78 -50.444 19.587
conv 11 -0.223 9.692
conv 25 -0.127 9.692
linear 12 3.062 6.377
linear 41 0.095 6.377
linear 19 7.610 19.587

conv 15 16.554 16.906
conv 36 -11.093 16.422
conv 75 -1.781 19.587
conv 67 -0.003 9.692
conv 35 -0.404 9.692
linear 10 3.057 6.377
linear 36 0.094 6.377
linear 78 7.354 19.587

conv 49 18.309 16.503
conv 15 -12.911 16.407
conv 34 -1.849 19.587
conv 48 -0.024 9.692
conv 53 -0.294 9.692
linear 5 3.131 6.377
linear 45 0.098 6.377
linear 17 6.128 19.587

conv 29 16.688 16.445
conv 0 -13.082 19.587
conv 17 0.256 19.587
conv 57 -0.166 9.692
conv 14 0.506 19.587
linear 57 2.189 6.377
linear 69 0.097 6.377
linear 31 5.079 19.587

conv 54 19.931 16.564
conv 49 73.703 18.631
conv 71 -89.987 19.587
conv 73 -0.343 9.692
conv 56 -0.153 9.692
linear 28 3.216 6.377
linear 39 0.097 6.377
linear 51 8.685 19.587

conv 77 19.335 16.557
conv 69 9.318 19.645
conv 38 253.159 8.079
conv 72 -278.235 9.692
conv 14 0.510 19.587
linear 12 2.269 6.377
linear 42 0.097 6.377
linear 19 5.713 19.587

conv 77 18.553 16.557
conv 5 1365.955 16.222
conv 75 -1380.927 19.587
conv 22 -0.252 9.692
conv 58 -0.210 9.692
linear 26 3.252 6.377
linear 54 0.097 6.377
linear 65 7.668 19.587

conv 38 21.542 16.461
conv 10 102.578 12.634
conv 46 6030.288 19.580
conv 16 -6151.061 9.692
conv 50 -0.227 9.692
linear 19 3.230 6.377
linear 17 0.095 6.377
linear 61 10.016 19.587

conv 72 16.734 16.545
conv 35 -11.822 16.149
conv 56 69.651 19.587
conv 12 -71.202 9.692
conv 15 -0.130 9.692
linear 76 3.158 6.377
linear 25 0.101 6.377
linear 35 3.385 0.000

conv 52 17.610 16.549
conv 68 -10.282 19.549
conv 46 138.939 19.587
conv 33 -142.867 9.692
conv 19 0.709 6.699
linear 19 2.263 6.377
linear 59 0.100 6.377
linear 45 4.930 19.587

conv 29 20.365 16.445
conv 39 173.508 17.989
conv 62 -190.115 19.587
conv 61 -0.089 9.692
conv 13 -0.261 9.692
linear 54 2.955 6.377
linear 34 0.096 6.377
linear 43 5.928 19.587

conv 25 19.580 16.772
conv 79 -14.498 16.403
conv 16 1272.227 19.587
conv 2 -1273.688 9.692
conv 22 -0.409 9.692
linear 54 3.174 6.377
linear 45 0.098 6.377
linear 42 5.434 19.587

conv 46 19.458 16.568
conv 38 20.656 19.349
conv 37 -36.822 19.587
conv 76 0.063 9.692
conv 8 -0.328 9.692
linear 42 3.334 6.377
linear 59 0.096 6.377
linear 17 7.966 19.587

conv 3 19.294 16.146
conv 24 -14.282 16.403
conv 51 -1.345 19.587
conv 25 -0.142 9.692
conv 0 -0.315 9.692
linear 74 3.129 6.377
linear 68 0.095 6.377
linear 28 7.625 19.587

conv 55 19.245 16.580
conv 44 -14.392 16.557
conv 64 -1.558 19.587
conv 51 -0.023 9.692
conv 20 -0.250 9.692
linear 43 3.356 6.377
linear 54 0.100 6.377
linear 32 5.135 19.587

conv 16 19.501 16.664
conv 2 -13.082 15.396
conv 34 -2.969 19.587
conv 42 -0.077 9.692
conv 36 -0.298 9.692
linear 13 3.257 6.377
linear 35 0.097 6.377
linear 28 5.615 19.587

conv 11 17.032 16.161
conv 38 25.848 19.353
conv 55 -39.247 19.587
conv 63 -0.360 9.692
conv 10 0.022 9.692
linear 35 3.072 6.377
linear 35 0.100 6.377
linear 72 5.436 19.587

conv 15 21.262 16.906
conv 73 -15.482 16.422
conv 44 -2.022 19.587
conv 55 0.112 9.692
conv 20 -0.452 9.692
linear 71 2.933 6.377
linear 11 0.094 6.377
linear 3 7.789 19.587

conv 56 17.114 16.560
conv 3 344.355 19.353
conv 0 -357.808 19.587
conv 38 -0.050 9.692
conv 11 1.617 19.587
linear 74 1.121 6.377
linear 55 0.098 6.377
linear 33 5.242 6.127

conv 33 19.467 16.576
conv 47 -13.740 16.399
conv 50 46.279 18.566
conv 2 -48.577 9.692
conv 64 -0.288 9.692
linear 22 3.224 6.377
linear 15 0.099 6.377
linear 68 6.851 19.587

conv 23 17.725 16.614
conv 5 1275.372 16.222
conv 62 -1289.517 19.587
conv 50 -0.067 9.692
conv 27 -0.138 19.587
linear 57 2.979 6.377
linear 54 0.095 6.377
linear 21 5.794 19.587

conv 12 19.466 16.814
conv 12 316.362 18.973
conv 46 -185.525 19.587
conv 25 -146.711 9.692
conv 44 -0.291 9.692
linear 14 3.049 6.377
linear 45 0.096 6.377
linear 18 5.441 19.587

conv 46 15.508 16.568
conv 12 277.026 18.988
conv 52 -289.294 19.587
conv 23 -0.006 9.692
conv 29 -0.087 6.699
linear 63 3.190 6.377
linear 22 0.102 6.377
linear 37 4.818 19.587

conv 32 16.865 16.676
conv 38 24.499 19.368
conv 42 -38.009 19.587
conv 13 0.026 9.692
conv 33 -0.268 9.692
linear 40 3.243 6.377
linear 9 0.097 6.377
linear 49 6.892 19.587

conv 70 18.632 16.564
conv 61 9.945 19.607
conv 18 1104.651 7.737
conv 37 -1129.527 9.692
conv 54 -0.380 9.692
linear 75 2.984 6.377
linear 24 0.095 6.377
linear 35 5.239 0.000

conv 49 14.952 16.503
conv 10 91.660 12.634
conv 45 -103.042 19.587
conv 17 -0.282 9.692
conv 2 -0.158 9.692
linear 54 3.237 6.377
linear 77 0.098 6.377
linear 79 7.914 19.587

conv 27 22.048 16.703
conv 29 353.994 17.628
conv 27 6600.257 19.564
conv 70 -6973.123 9.692
conv 49 -0.209 9.692
linear 69 3.404 6.377
linear 62 0.097 6.377
linear 29 7.633 19.587

conv 70 15.453 16.564
conv 19 484.187 17.436
conv 5 37072.910 19.553
conv 72 -37569.464 9.692
conv 51 -0.005 9.692
linear 31 3.270 6.377
linear 5 0.101 6.377
linear 33 6.009 6.127

conv 7 19.199 16.238
conv 55 -13.759 16.468
conv 50 40.096 18.573
conv 22 -42.150 9.692
conv 55 -0.204 9.692
linear 79 3.198 6.377
linear 38 0.096 6.377
linear 49 6.502 19.587

conv 9 17.498 17.018
conv 44 -12.179 16.414
conv 68 -1.640 19.587
conv 26 0.007 9.692
conv 3 -0.367 9.692
linear 28 3.033 6.377
linear 69 0.096 6.377
linear 51 5.505 19.587

conv 58 16.561 16.526
conv 31 155.954 17.609
conv 16 1138.637 19.587
conv 63 -1307.889 9.692
conv 70 -0.261 9.692
linear 51 3.294 6.377
linear 15 0.098 6.377
linear 55 6.534 19.587

conv 39 15.612 16.503
conv 52 5.429 19.726
conv 68 -17.705 19.587
conv 18 -0.229 9.692
conv 17 0.728 19.587
linear 62 2.514 6.377
linear 29 0.102 6.377
linear 37 6.633 19.587

conv 79 16.715 16.553
conv 44 -11.766 16.441
conv 12 -1.524 19.587
conv 52 -0.033 9.692
conv 0 -0.243 9.692
linear 33 3.172 6.377
linear 53 0.097 6.377
linear 46 6.982 19.587

conv 17 18.310 16.829
conv 61 9.228 19.603
conv 19 -18.094 0.000
conv 0 -5.394 9.692
conv 15 -0.743 9.692
linear 51 3.045 6.377
linear 20 0.096 6.377
linear 53 5.245 19.587

conv 63 19.292 16.568
conv 21 373.934 17.233
conv 49 -390.093 19.587
conv 64 0.667 9.692
conv 18 0.436 6.699
linear 36 2.136 6.377
linear 28 0.097 6.377
linear 22 5.908 19.587

conv 69 20.496 16.533
conv 3 358.722 19.353
conv 77 -375.630 19.587
conv 51 -0.298 9.692
conv 79 -0.074 9.692
linear 72 3.144 6.377
linear 55 0.098 6.377
linear 26 6.427 19.587

conv 78 17.303 16.557
conv 22 157.361 19.157
conv 24 -170.945 19.587
conv 59 -0.328 9.692
conv 4 -0.123 9.692
linear 36 3.095 6.377
linear 47 0.100 6.377
linear 41 4.808 19.587

conv 63 18.372 16.568
conv 7 375.502 19.422
conv 70 -390.337 19.587
conv 48 0.066 9.692
conv 2 -0.370 9.692
linear 41 3.094 6.377
linear 45 0.096 6.377
linear 23 5.756 6.127

conv 13 18.279 16.530
conv 79 -13.113 16.411
conv 22 -1.929 19.587
conv 50 -0.099 9.692
conv 19 -0.156 9.692
linear 39 3.380 6.377
linear 27 0.099 6.377
linear 51 7.767 19.587

conv 59 17.595 16.526
conv 65 -12.339 16.399
conv 79 -1.524 19.587
conv 57 -0.217 9.692
conv 21 0.742 9.692
linear 11 2.100 6.377
linear 55 0.097 6.377
linear 74 6.807 19.587

conv 47 19.025 16.587
conv 38 24.184 19.353
conv 11 -39.763 19.587
conv 59 0.044 9.692
conv 39 -0.542 9.692
linear 54 3.400 6.377
linear 42 0.098 6.377
linear 54 6.580 19.587

conv 22 17.824 16.691
conv 27 -12.763 16.391
conv 40 81.604 17.198
conv 27 -83.299 9.692
conv 24 -0.376 19.587
linear 34 3.344 6.377
linear 61 0.099 6.377
linear 65 5.496 19.587

conv 8 19.185 17.125
conv 62 -5.671 19.975
conv 22 -9.965 19.587
conv 72 -0.241 9.692
conv 10 -0.097 9.692
linear 43 3.173 6.377
linear 79 0.097 6.377
linear 10 7.277 19.587

conv 75 18.943 16.553
conv 41 69.185 18.158
conv 54 -84.584 19.587
conv 8 -0.328 9.692
conv 34 -0.086 9.692
linear 62 3.220 6.377
linear 21 0.096 6.377
linear 11 7.943 19.587

conv 53 15.451 16.576
conv 39 148.198 17.989
conv 17 5733.223 19.564
conv 74 -5893.363 9.692
conv 15 -0.279 9.692
linear 76 3.147 6.377
linear 6 0.097 6.377
linear 55 4.936 19.587

conv 41 20.268 16.526
conv 4 203.410 10.349
conv 69 -220.140 19.587
conv 5 0.232 9.692
conv 62 -0.479 9.692
linear 10 3.044 6.377
linear 2 0.096 6.377
linear 69 7.419 19.587

conv 52 14.971 16.549
conv 69 12.824 19.634
conv 18 1062.781 7.837
conv 64 -1087.134 9.692
conv 63 -0.091 9.692
linear 75 2.992 6.377
linear 68 0.098 6.377
linear 64 6.043 19.587

conv 71 18.095 16.564
conv 8 -12.694 16.580
conv 58 -2.068 19.587
conv 39 -0.075 9.692
conv 35 -0.124 9.692
linear 79 3.206 6.377
linear 68 0.097 6.377
linear 24 6.697 19.587

