conv 18 22.513 10.030
conv 65 -7.093 11.686
conv 48 -0.101 11.663
conv 66 -3.425 16.003
conv 30 0.000 16.003
conv 46 6.081 18.324
conv 77 1.288 16.249
conv 7 29.184 15.938
conv 27 -5.562 11.071
conv 11 2.789 11.071
conv 10 -41.055 15.938
conv 17 6.775 6.127
conv 62 -2.668 6.127
conv 41 -3.162 7.594
conv 16 1.950 7.594
conv 26 -3.563 19.587
conv 68 0.430 15.938
conv 40 0.712 9.158
conv 66 0.713 19.587
conv 13 -2.548 6.127
linear 48 5.731 0.000

conv 46 23.666 9.035
conv 66 -8.022 11.013
conv 36 -0.177 10.533
conv 2 -4.843 14.021
conv 28 0.476 13.622
conv 65 7.492 15.838
conv 58 1.596 14.951
conv 43 -12.596 6.377
conv 77 -1.908 6.377
conv 37 -1.152 11.071
conv 31 0.799 11.071
conv 0 -1.331 19.587
conv 2 -0.148 19.587
conv 53 1.536 15.938
conv 4 20.971 15.938
conv 11 -14.900 0.000
conv 75 -2.634 15.938
conv 14 -3.424 9.692
conv 48 7.137 0.000
conv 4 -8.731 6.127
linear 43 5.694 0.000

conv 21 26.927 9.473
conv 4 -8.748 10.744
conv 68 -0.015 10.979
conv 20 -8.108 14.736
conv 38 0.000 14.736
conv 8 7.911 16.522
conv 10 2.673 15.938
conv 67 -14.179 6.377
conv 52 -0.583 9.158
conv 9 2.366 11.071
conv 53 -3.315 9.158
conv 18 -0.439 19.587
conv 31 -1.184 19.587
conv 46 0.683 15.938
conv 26 -0.626 6.127
conv 6 0.908 19.587
conv 15 -0.120 9.692
conv 27 0.734 9.692
conv 65 1.377 19.587
conv 58 -2.608 6.127
linear 18 67.870 0.000

conv 76 26.724 8.966
conv 53 -9.875 10.986
conv 54 -0.119 10.495
conv 8 -6.523 12.074
conv 52 -0.163 14.048
conv 2 23.723 6.377
conv 55 -12.116 16.641
conv 29 19.570 6.377
conv 74 -6.873 6.377
conv 20 16.838 6.377
conv 19 -44.468 15.938
conv 3 -2.334 15.938
conv 32 -0.610 15.938
conv 37 2.875 15.938
conv 56 -2.535 15.938
conv 27 11.995 19.587
conv 1 -11.658 15.938
conv 72 0.579 9.692
conv 21 0.583 9.692
conv 22 -2.059 6.127
linear 48 5.458 0.000

conv 31 23.499 9.538
conv 4 -7.959 10.276
conv 52 -0.116 11.217
conv 28 -6.094 14.486
conv 16 0.000 14.486
conv 58 6.467 19.368
conv 2 3.718 16.372
conv 7 26.698 15.938
conv 38 -3.675 11.071
conv 75 2.824 11.071
conv 48 -40.807 15.938
conv 12 2.428 11.071
conv 59 0.183 6.127
conv 63 4.748 6.127
conv 14 -0.152 6.127
conv 19 -6.812 19.587
conv 12 3.559 6.377
conv 54 5.466 6.377
conv 73 -7.707 19.587
conv 51 -2.942 6.127
linear 37 17.033 0.000

conv 15 21.640 9.204
conv 70 -5.272 11.159
conv 43 -0.091 10.606
conv 31 -5.656 14.670
conv 26 0.000 14.670
conv 65 14.686 19.257
conv 29 4.009 18.101
conv 54 -23.002 6.377
conv 38 -0.341 9.158
conv 61 -1.477 19.587
conv 65 0.600 9.158
conv 3 -0.848 19.587
conv 17 -0.711 19.587
conv 9 1.601 15.938
conv 73 -1.764 15.938
conv 25 0.865 9.692
conv 78 0.134 9.692
conv 34 0.883 9.692
conv 67 0.465 19.587
conv 54 -2.185 6.127
linear 60 3.256 19.587

conv 42 25.039 9.404
conv 4 -8.132 11.125
conv 77 -0.033 10.095
conv 71 -7.090 13.491
conv 52 0.000 13.491
conv 68 6.566 19.284
conv 20 3.048 16.587
conv 38 -12.665 6.377
conv 34 -0.014 9.158
conv 36 -2.240 19.587
conv 42 0.224 9.158
conv 50 -0.482 19.587
conv 56 -0.466 19.587
conv 35 1.551 15.938
conv 63 -2.138 15.938
conv 9 0.915 19.587
conv 7 0.325 9.692
conv 6 21.526 6.377
conv 57 -19.720 19.587
conv 46 -0.671 6.127
linear 74 1.268 19.587

conv 53 23.298 9.000
conv 7 -8.594 11.121
conv 71 -0.001 10.522
conv 22 -5.042 14.428
conv 12 0.000 14.428
conv 55 6.888 18.884
conv 68 2.028 16.518
conv 14 -13.047 6.377
conv 69 -0.485 9.158
conv 41 -0.754 19.587
conv 22 3.705 15.938
conv 18 -4.001 19.587
conv 26 -1.144 19.587
conv 63 2.297 15.938
conv 33 0.532 6.127
conv 62 -1.741 19.587
conv 52 0.779 9.692
conv 2 0.776 9.692
conv 38 23.146 0.000
conv 29 -25.125 6.127
linear 77 3.290 19.587

conv 18 25.308 10.030
conv 0 -8.048 11.693
conv 25 0.005 11.663
conv 71 -7.039 16.003
conv 49 0.000 16.003
conv 51 8.282 16.042
conv 19 1.756 16.249
conv 48 -13.418 6.377
conv 16 -0.376 9.158
conv 2 61.098 19.587
conv 12 -63.166 6.377
conv 38 6.739 9.692
conv 53 -7.159 19.587
conv 32 0.884 15.938
conv 18 14.618 6.377
conv 0 -15.404 19.587
conv 61 0.382 9.692
conv 36 0.775 9.692
conv 71 0.126 9.692
conv 50 -2.059 6.127
linear 61 3.486 19.587

conv 56 25.411 8.966
conv 36 -9.532 10.983
conv 78 -0.142 10.533
conv 4 -6.462 14.021
conv 38 0.000 14.021
conv 0 8.758 18.865
conv 78 2.361 16.626
conv 29 21.995 6.377
conv 60 -8.044 6.377
conv 50 -1.490 6.377
conv 53 -26.152 15.938
conv 18 -1.865 15.938
conv 41 -1.564 19.587
conv 30 1.611 15.938
conv 48 -0.128 6.127
conv 53 -0.769 19.587
conv 35 0.247 9.692
conv 74 0.584 9.692
conv 12 1.227 19.587
conv 12 -2.476 6.127
linear 56 3.342 0.000

conv 46 25.641 9.035
conv 39 -8.586 11.013
conv 20 -0.189 10.510
conv 76 -7.772 13.975
conv 50 0.000 13.975
conv 53 8.521 18.919
conv 75 2.533 16.653
conv 67 -13.534 6.377
conv 52 -0.532 9.158
conv 23 -1.569 19.587
conv 12 3.280 15.938
conv 2 -3.705 19.587
conv 7 2.553 15.938
conv 3 8.318 15.938
conv 46 -3.930 6.377
conv 1 -5.524 7.756
conv 51 1.562 7.756
conv 71 -1.750 9.692
conv 41 0.426 9.692
conv 28 -2.375 6.127
linear 42 10.688 0.000

conv 71 23.241 8.985
conv 41 -8.436 10.956
conv 53 -0.225 10.399
conv 45 -4.777 14.063
conv 73 0.000 14.063
conv 9 20.576 13.772
conv 19 -10.822 16.641
conv 18 -13.300 6.377
conv 35 -0.499 9.158
conv 44 -1.323 19.587
conv 42 -0.334 9.158
conv 68 0.365 19.587
conv 41 -0.971 19.587
conv 46 0.885 15.938
conv 30 -0.918 15.938
conv 63 0.704 19.587
conv 67 0.249 9.692
conv 77 0.876 9.692
conv 60 -0.774 19.587
conv 61 7.090 6.699
linear 51 -4.795 19.587

conv 1 28.117 8.828
conv 45 -11.298 10.502
conv 68 0.003 10.234
conv 17 -4.516 10.864
conv 51 0.000 10.864
conv 70 -1.218 14.179
conv 54 1.261 13.833
conv 52 -5.871 6.377
conv 25 -0.239 9.158
conv 13 -1.332 19.587
conv 5 0.347 9.158
conv 75 -0.400 19.587
conv 63 -0.771 19.587
conv 35 1.046 15.938
conv 38 0.585 6.127
conv 41 -1.306 19.587
conv 5 -0.245 9.692
conv 24 0.437 9.692
conv 30 25.482 9.158
conv 33 -26.516 6.127
linear 54 6.134 0.000

conv 20 23.489 10.176
conv 13 -7.787 10.983
conv 42 -0.030 10.971
conv 7 -6.256 15.631
conv 16 0.000 15.631
conv 53 8.264 18.627
conv 65 2.640 15.850
conv 65 -14.232 6.377
conv 27 -0.158 9.158
conv 32 -1.483 19.587
conv 70 0.457 9.158
conv 63 -0.662 19.587
conv 29 7.972 6.127
conv 68 -2.375 9.692
conv 27 2.882 6.127
conv 79 -7.035 19.587
conv 9 -1.700 15.938
conv 51 1.606 9.692
conv 59 0.596 19.587
conv 69 -2.848 6.127
linear 21 3.465 19.587

conv 73 24.410 8.985
conv 64 -8.426 10.956
conv 2 -0.098 8.497
conv 74 -6.844 13.038
conv 21 0.000 13.038
conv 58 7.523 19.019
conv 10 3.601 16.238
conv 28 -13.892 6.377
conv 31 -0.201 9.158
conv 51 -1.321 19.587
conv 77 0.117 9.158
conv 70 -0.478 19.587
conv 53 -0.690 19.587
conv 46 0.425 15.938
conv 52 -1.040 15.938
conv 23 1.005 19.587
conv 20 0.036 9.692
conv 0 1.449 9.692
conv 72 0.648 19.587
conv 9 -2.670 6.127
linear 70 3.261 19.587

conv 51 25.896 9.696
conv 36 -8.992 10.583
conv 64 -0.097 11.006
conv 69 -7.423 14.090
conv 58 0.000 14.090
conv 62 7.867 18.907
conv 8 2.526 16.637
conv 19 61.022 6.377
conv 19 -13.373 6.377
conv 31 -1.411 6.377
conv 62 -59.168 15.938
conv 63 -1.166 15.938
conv 12 1.615 6.127
conv 3 0.992 15.938
conv 28 -3.779 19.587
conv 2 1.343 6.127
conv 14 1.332 6.127
conv 25 -0.403 9.158
conv 74 -0.934 9.692
conv 69 -1.904 11.071
linear 42 10.126 0.000

conv 69 24.894 9.081
conv 69 -8.369 11.063
conv 44 -0.132 10.487
conv 41 -6.951 14.225
conv 8 0.000 14.225
conv 40 6.594 15.719
conv 9 3.402 16.587
conv 32 -12.990 6.377
conv 5 86.233 19.587
conv 12 -88.536 19.587
conv 2 1.338 9.158
conv 27 0.588 6.127
conv 42 -0.898 6.127
conv 6 0.328 19.587
conv 36 0.836 19.587
conv 53 -2.996 19.587
conv 39 0.842 15.938
conv 35 0.168 9.692
conv 67 1.095 19.587
conv 31 -1.914 11.071
linear 79 3.279 19.587

conv 67 26.794 9.242
conv 5 -8.897 11.048
conv 43 -0.076 10.453
conv 65 -7.916 14.025
conv 8 0.000 14.025
conv 2 24.181 6.377
conv 34 -12.062 16.679
conv 65 -16.135 6.377
conv 59 -0.422 7.594
conv 61 -0.697 19.587
conv 6 -0.230 9.158
conv 69 -0.329 19.587
conv 16 -1.199 19.587
conv 17 2.112 15.938
conv 65 -1.964 15.938
conv 50 1.065 19.587
conv 68 0.574 9.692
conv 16 0.128 9.692
conv 63 0.975 19.587
conv 61 -2.695 6.127
linear 76 3.586 19.587

conv 70 28.741 8.985
conv 44 -8.475 10.956
conv 70 -0.179 10.399
conv 73 -9.297 14.063
conv 32 0.000 14.063
conv 11 15.760 13.049
conv 56 -3.994 16.484
conv 17 -16.645 6.377
conv 62 0.557 6.377
conv 9 1.187 11.071
conv 30 -2.675 9.158
conv 47 -0.713 11.071
conv 48 -1.202 19.587
conv 56 1.149 15.938
conv 21 -0.667 15.938
conv 69 0.922 19.587
conv 5 -0.052 9.692
conv 32 2.276 9.692
conv 72 -0.040 19.587
conv 27 -3.070 6.127
linear 69 3.207 0.000

conv 20 24.570 10.176
conv 32 -8.150 10.975
conv 2 -0.018 10.341
conv 2 -7.047 15.058
conv 75 0.000 15.055
conv 68 6.689 17.071
conv 19 3.087 16.011
conv 44 -13.108 6.377
conv 32 -0.354 9.158
conv 29 -0.926 19.587
conv 58 0.062 9.158
conv 14 -0.585 19.587
conv 37 -1.055 19.587
conv 56 0.914 15.938
conv 33 1.198 6.127
conv 51 -1.190 19.587
conv 66 0.017 9.692
conv 34 0.815 9.692
conv 78 0.856 19.587
conv 8 -2.445 6.127
linear 19 22.982 0.000

conv 5 24.750 8.159
conv 40 -8.116 11.728
conv 32 -0.137 11.701
conv 44 -5.367 16.368
conv 53 0.000 16.368
conv 16 -1.870 17.206
conv 45 13.374 18.900
conv 14 -16.386 6.377
conv 10 -0.316 9.158
conv 57 -1.442 19.587
conv 69 0.853 9.158
conv 59 -1.467 19.587
conv 71 -0.713 19.587
conv 33 1.514 15.938
conv 20 -1.339 6.377
conv 76 0.435 19.587
conv 78 0.821 9.692
conv 7 54.417 7.594
conv 20 13.046 9.158
conv 74 -48.664 0.000
linear 66 -16.589 0.000

conv 6 23.688 11.517
conv 8 -7.098 12.454
conv 34 -0.140 12.173
conv 24 -3.248 16.829
conv 42 0.000 16.829
conv 11 9.509 9.619
conv 16 5.474 6.930
conv 54 9.988 6.377
conv 46 35.904 6.377
conv 60 -0.231 6.377
conv 6 -65.245 15.938
conv 21 4.310 15.938
conv 29 -5.171 6.127
conv 41 1.694 9.692
conv 34 1.173 6.127
conv 2 -6.182 19.587
conv 11 0.879 15.938
conv 27 0.096 9.692
conv 21 -0.149 19.587
conv 38 -1.709 6.127
linear 76 3.258 19.587

conv 66 26.774 8.966
conv 53 -8.696 10.986
conv 27 -0.157 10.495
conv 49 -8.312 14.048
conv 23 0.000 14.048
conv 3 11.197 18.093
conv 22 0.008 16.641
conv 4 5.149 6.377
conv 63 -9.909 9.158
conv 63 -1.198 9.158
conv 67 -9.699 11.071
conv 32 3.210 6.127
conv 43 -1.924 19.587
conv 63 0.235 6.127
conv 14 1.096 6.127
conv 66 -3.826 19.587
conv 15 0.445 9.692
conv 31 0.641 9.692
conv 43 0.879 19.587
conv 26 -2.465 6.127
linear 26 34.406 0.000

conv 25 23.364 9.043
conv 75 -6.367 11.125
conv 23 -0.195 10.518
conv 43 -4.635 14.259
conv 18 0.000 14.259
conv 31 9.822 15.243
conv 46 3.263 15.466
conv 13 35.018 6.377
conv 19 -26.309 6.377
conv 10 10.071 6.377
conv 73 -30.237 15.938
conv 12 -5.460 11.071
conv 28 -3.039 11.071
conv 1 54.912 15.938
conv 27 -50.722 6.127
conv 53 -5.373 19.587
conv 68 2.143 6.127
conv 55 -1.591 9.692
conv 19 0.624 19.587
conv 17 -1.998 6.127
linear 74 3.499 19.587

conv 1 24.186 8.828
conv 25 -9.551 10.499
conv 20 -0.005 10.234
conv 1 -3.491 10.864
conv 55 0.000 10.864
conv 37 9.205 10.403
conv 63 -9.921 13.837
conv 32 -3.892 6.377
conv 74 -0.491 9.158
conv 59 -1.423 19.587
conv 6 0.248 9.158
conv 21 3.010 9.692
conv 64 -1.687 9.692
conv 9 0.619 15.938
conv 21 -2.128 15.938
conv 64 -0.077 9.692
conv 9 1.801 15.938
conv 58 -0.127 9.692
conv 13 -0.005 19.587
conv 55 -2.687 6.127
linear 69 3.221 0.000

conv 76 26.834 8.966
conv 28 -9.031 10.986
conv 76 -0.260 10.487
conv 3 -7.640 14.083
conv 32 0.000 14.083
conv 65 9.541 18.835
conv 22 2.487 16.679
conv 44 -15.749 6.377
conv 47 -0.429 9.158
conv 75 -1.240 19.587
conv 12 3.505 15.938
conv 20 -3.675 19.587
conv 78 -0.964 19.587
conv 7 1.700 15.938
conv 56 -1.714 15.938
conv 43 0.513 19.587
conv 15 0.287 9.692
conv 17 0.876 9.692
conv 78 0.841 19.587
conv 36 -2.384 6.127
linear 78 3.301 19.587

conv 24 22.279 10.176
conv 4 -6.234 11.386
conv 31 -0.120 10.921
conv 27 -6.658 15.454
conv 37 0.000 15.454
conv 73 6.083 18.738
conv 35 2.874 17.060
conv 43 -10.455 6.377
conv 39 -1.597 6.377
conv 66 -0.798 11.071
conv 75 0.288 11.071
conv 6 -1.477 19.587
conv 40 4.526 9.158
conv 49 -1.529 19.587
conv 78 -2.024 19.587
conv 60 0.190 19.587
conv 40 0.079 9.692
conv 37 -0.386 9.692
conv 29 1.128 19.587
conv 51 -2.805 6.127
linear 6 3.435 19.587

conv 66 25.347 8.966
conv 15 -9.012 10.983
conv 72 -0.092 10.518
conv 37 -6.181 14.083
conv 65 0.000 14.083
conv 41 9.662 16.276
conv 28 1.799 16.637
conv 72 -15.614 6.377
conv 64 -0.455 9.158
conv 44 -0.907 19.587
conv 60 0.211 9.158
conv 12 1.616 6.127
conv 41 0.276 6.127
conv 38 4.332 6.127
conv 78 -0.184 6.127
conv 78 -6.498 19.587
conv 46 2.488 6.127
conv 7 53.545 7.594
conv 59 -36.859 0.000
conv 50 -2.517 0.000
linear 35 17.877 0.000

conv 39 21.515 9.742
conv 38 -6.040 11.106
conv 45 -0.161 10.595
conv 63 -6.250 14.213
conv 22 0.000 14.213
conv 0 8.172 18.385
conv 61 2.820 16.480
conv 11 -13.512 6.377
conv 6 46.227 19.587
conv 52 -48.456 19.587
conv 44 -0.152 9.158
conv 59 -0.187 19.587
conv 56 -0.823 19.587
conv 38 2.081 15.938
conv 38 0.100 6.127
conv 31 -1.109 19.587
conv 79 0.265 9.692
conv 67 0.605 9.692
conv 18 115.621 0.000
conv 36 -117.383 6.127
linear 32 24.860 0.000

conv 18 26.062 10.030
conv 25 -8.622 11.693
conv 63 -0.016 11.663
conv 53 -5.669 16.003
conv 25 0.000 16.003
conv 61 6.507 17.079
conv 76 2.159 16.249
conv 40 -12.538 9.158
conv 8 1793.809 19.587
conv 56 -1797.454 6.377
conv 39 0.880 9.158
conv 77 -0.233 19.587
conv 53 -1.014 19.587
conv 25 1.603 15.938
conv 65 -2.205 15.938
conv 70 1.051 19.587
conv 41 0.100 9.692
conv 53 0.422 15.938
conv 77 0.820 19.587
conv 46 -1.719 6.127
linear 51 2.836 19.587

conv 2 25.615 8.878
conv 52 -9.145 9.849
conv 17 -0.120 9.035
conv 33 -3.942 14.336
conv 11 0.000 14.336
conv 45 7.013 18.904
conv 19 2.262 17.163
conv 4 4.748 6.377
conv 46 -10.423 9.158
conv 67 -0.802 6.377
conv 6 -10.251 11.071
conv 64 -1.263 6.377
conv 44 -0.197 19.587
conv 31 1.450 15.938
conv 70 -1.660 15.938
conv 33 0.917 19.587
conv 62 0.304 9.692
conv 42 1.866 9.692
conv 4 -0.014 19.587
conv 67 -3.113 6.127
linear 7 3.557 19.587

conv 7 29.539 8.674
conv 76 -10.222 10.387
conv 68 -0.233 9.550
conv 62 -7.557 13.964
conv 46 0.000 13.964
conv 25 11.309 11.816
conv 24 2.063 16.403
conv 48 -18.416 6.377
conv 10 -0.167 7.594
conv 68 -1.459 19.587
conv 17 0.142 9.158
conv 5 -0.432 19.587
conv 79 -0.859 19.587
conv 36 -0.226 11.071
conv 66 -0.081 15.938
conv 41 0.923 19.587
conv 28 -0.162 9.692
conv 42 1.548 9.692
conv 79 0.439 19.587
conv 4 -2.834 6.127
linear 30 3.505 19.587

conv 53 24.620 9.000
conv 8 -7.793 11.079
conv 58 -0.042 10.522
conv 74 -6.670 14.428
conv 59 0.000 14.428
conv 22 8.558 18.977
conv 55 2.803 16.518
conv 32 -15.138 6.377
conv 62 -0.414 9.158
conv 8 -1.548 19.587
conv 34 0.392 15.938
conv 24 -0.404 19.587
conv 66 -0.884 19.587
conv 6 1.626 15.938
conv 59 -1.735 15.938
conv 24 0.695 19.587
conv 57 0.254 9.692
conv 77 0.891 9.692
conv 50 0.521 9.158
conv 26 -2.298 6.127
linear 11 3.385 19.587

conv 60 21.370 9.392
conv 65 -7.848 11.198
conv 36 -0.237 10.464
conv 38 -4.387 14.367
conv 16 0.000 14.367
conv 17 47.222 6.784
conv 54 -37.206 16.537
conv 14 -12.554 6.377
conv 64 -0.085 9.158
conv 29 -1.511 19.587
conv 33 0.776 9.158
conv 1 -1.150 19.587
conv 7 1.930 15.938
conv 16 5.449 9.692
conv 26 -1.320 6.377
conv 26 -5.383 7.756
conv 65 1.445 7.756
conv 57 -1.821 9.692
conv 70 1.026 19.587
conv 64 -2.027 6.127
linear 76 3.119 19.587

conv 52 24.819 9.354
conv 4 -7.876 11.098
conv 54 -0.237 10.283
conv 66 -6.889 13.779
conv 57 0.000 13.779
conv 44 2.476 10.856
conv 12 9.094 16.618
conv 79 -15.419 6.377
conv 40 -0.358 9.158
conv 16 -1.404 19.587
conv 67 0.622 9.158
conv 15 -0.724 19.587
conv 30 6.594 9.158
conv 79 -2.762 9.158
conv 30 0.503 19.587
conv 17 11.013 19.587
conv 38 -13.965 9.158
conv 63 -0.981 9.692
conv 53 1.347 19.587
conv 71 -2.472 6.127
linear 77 3.428 19.587

conv 40 24.386 10.022
conv 26 -8.135 10.671
conv 36 0.014 10.744
conv 4 -6.424 14.851
conv 33 0.000 14.851
conv 78 8.017 18.869
conv 40 2.526 16.261
conv 51 -14.143 6.377
conv 50 -0.679 9.158
conv 56 -1.776 19.587
conv 0 1.200 9.158
conv 33 -1.075 19.587
conv 46 -0.551 19.587
conv 30 1.894 15.938
conv 36 -1.716 15.938
conv 65 0.089 19.587
conv 64 1.209 9.692
conv 24 0.824 9.692
conv 65 -0.301 19.587
conv 74 -2.104 6.127
linear 54 6.449 0.000

conv 6 23.884 11.517
conv 35 -7.038 12.435
conv 26 -0.138 12.162
conv 68 -2.361 16.833
conv 4 0.000 16.833
conv 0 4.591 17.851
conv 67 2.716 17.006
conv 72 -15.130 6.377
conv 13 -0.329 9.158
conv 41 -1.379 19.587
conv 63 0.360 9.158
conv 26 -0.635 19.587
conv 76 -0.913 19.587
conv 76 1.602 15.938
conv 26 -1.812 15.938
conv 25 1.038 9.692
conv 63 -0.012 9.692
conv 3 0.610 9.692
conv 8 1.027 19.587
conv 41 -2.601 6.127
linear 37 16.894 0.000

conv 8 26.296 9.031
conv 21 -10.542 11.401
conv 24 -0.117 10.864
conv 41 1.770 13.045
conv 15 0.000 13.045
conv 8 4.730 17.955
conv 57 3.280 17.233
conv 50 -17.266 6.377
conv 71 -2.603 9.158
conv 20 8.673 6.377
conv 47 -8.689 11.071
conv 9 -1.225 9.692
conv 14 -0.343 19.587
conv 13 1.694 15.938
conv 52 -2.071 15.938
conv 0 0.715 19.587
conv 19 0.237 9.692
conv 60 0.249 9.692
conv 13 1.159 19.587
conv 45 -2.417 6.127
linear 74 3.283 19.587

conv 42 23.334 9.404
conv 17 -8.014 11.113
conv 19 -0.045 10.076
conv 79 -5.592 13.487
conv 0 0.000 13.487
conv 27 23.945 13.829
conv 66 -12.580 16.526
conv 8 -15.068 6.377
conv 60 -0.049 9.158
conv 52 -1.363 19.587
conv 58 0.653 9.158
conv 47 -1.440 19.587
conv 6 2.481 19.587
conv 76 -0.918 6.127
conv 77 -0.860 19.587
conv 72 2.526 19.587
conv 39 -4.175 15.938
conv 3 1.886 9.692
conv 77 1.112 19.587
conv 48 -2.526 6.127
linear 25 74.501 0.000

conv 14 22.176 10.499
conv 6 -5.460 11.547
conv 58 0.007 11.267
conv 24 -6.995 16.038
conv 4 0.000 16.038
conv 21 6.715 12.900
conv 5 -0.120 17.605
conv 4 9.259 6.377
conv 63 -10.301 9.158
conv 0 -0.937 6.377
conv 55 -9.993 11.071
conv 49 -1.335 9.692
conv 5 3.172 9.692
conv 32 1.191 15.938
conv 14 -2.158 15.938
conv 34 -1.011 19.587
conv 2 0.273 9.692
conv 16 0.641 9.692
conv 59 0.939 19.587
conv 4 -2.518 6.127
linear 53 3.381 0.000

conv 69 26.415 9.081
conv 76 -7.876 11.063
conv 38 -0.179 10.487
conv 29 -8.440 14.225
conv 49 0.000 14.225
conv 52 9.088 18.896
conv 36 -0.070 14.766
conv 32 -8.317 6.377
conv 75 4.298 6.377
conv 79 1.046 6.377
conv 21 -10.778 9.158
conv 47 -1.219 11.071
conv 3 10.110 6.377
conv 38 8.179 9.692
conv 51 0.087 9.692
conv 43 -14.883 6.377
conv 19 2.191 6.377
conv 75 -4.862 9.692
conv 7 0.843 19.587
conv 20 -2.280 6.127
linear 64 3.579 0.000

conv 36 23.453 9.223
conv 45 -8.663 11.083
conv 61 -0.093 10.476
conv 33 -5.050 14.090
conv 1 0.000 14.090
conv 69 8.125 19.004
conv 64 2.817 16.768
conv 11 -14.232 6.377
conv 12 -0.789 9.158
conv 10 29.635 6.377
conv 14 -25.757 6.377
conv 37 -4.431 11.071
conv 67 0.409 19.587
conv 62 -1.903 15.938
conv 33 1.714 6.127
conv 9 -0.771 19.587
conv 45 -0.032 9.692
conv 62 0.728 9.692
conv 73 1.195 19.587
conv 69 -2.826 6.127
linear 4 3.278 19.587

conv 22 23.619 9.857
conv 2 -8.028 10.879
conv 40 -0.193 10.184
conv 77 -6.238 13.941
conv 62 0.000 13.941
conv 61 6.856 18.224
conv 55 2.118 17.375
conv 0 -11.774 6.377
conv 17 -0.554 9.158
conv 32 -1.815 19.587
conv 12 4.182 15.938
conv 74 -4.182 19.587
conv 51 -0.929 19.587
conv 6 1.599 15.938
conv 16 -1.463 15.938
conv 22 0.582 19.587
conv 23 0.191 9.692
conv 62 1.008 9.692
conv 55 0.497 19.587
conv 15 -2.158 6.127
linear 21 3.479 19.587

conv 45 22.058 8.758
conv 29 -7.485 10.948
conv 0 -0.125 10.656
conv 44 -5.984 14.129
conv 21 0.000 14.129
conv 2 23.082 6.377
conv 55 -12.373 16.918
conv 36 -12.696 6.377
conv 7 2.571 19.587
conv 66 -4.497 19.587
conv 41 0.400 9.158
conv 59 -1.142 19.587
conv 76 -1.014 19.587
conv 49 1.684 15.938
conv 59 -1.432 6.377
conv 79 0.851 19.587
conv 15 0.181 9.692
conv 26 0.720 9.692
conv 3 0.674 19.587
conv 7 -2.313 6.127
linear 20 3.653 19.587

conv 15 19.625 9.204
conv 73 -4.087 11.129
conv 72 -0.077 10.687
conv 43 -3.578 14.709
conv 21 0.000 14.709
conv 65 14.093 19.253
conv 65 4.153 18.074
conv 78 -24.182 6.377
conv 66 -0.217 9.158
conv 9 2.841 11.071
conv 59 -2.839 9.158
conv 30 -1.502 19.587
conv 29 7.306 6.127
conv 40 -2.195 9.692
conv 12 2.717 6.127
conv 10 -6.944 19.587
conv 11 -1.125 15.938
conv 78 1.166 9.692
conv 74 0.509 19.587
conv 37 -2.368 6.127
linear 73 3.519 19.587

conv 51 22.274 9.696
conv 65 -8.218 10.583
conv 71 -0.164 11.006
conv 3 -4.806 14.090
conv 56 0.000 14.090
conv 2 23.266 6.377
conv 35 -13.799 16.637
conv 2 143.699 6.377
conv 57 45.993 11.071
conv 73 1.807 11.071
conv 17 -195.627 6.377
conv 45 0.131 6.127
conv 25 -11.141 19.587
conv 60 1.637 15.938
conv 74 -1.911 15.938
conv 29 1.059 19.587
conv 31 0.076 9.692
conv 53 0.415 15.938
conv 61 0.734 9.692
conv 42 -1.927 6.127
linear 35 35.368 0.000

conv 44 25.941 9.312
conv 72 -8.752 11.209
conv 78 -0.119 10.668
conv 19 -6.868 14.359
conv 67 0.000 14.359
conv 4 8.129 18.796
conv 36 -1.083 14.778
conv 4 13.677 6.377
conv 44 -5.390 6.377
conv 39 3.029 6.377
conv 48 -23.060 11.071
conv 7 -2.417 6.377
conv 4 5.813 6.377
conv 48 4.276 6.377
conv 40 -6.820 6.377
conv 57 -2.162 19.587
conv 37 -0.131 9.692
conv 0 1.303 9.692
conv 73 -0.173 19.587
conv 60 -1.973 6.127
linear 78 3.581 19.587

conv 69 26.047 9.081
conv 37 -7.659 11.063
conv 33 -0.040 10.487
conv 21 -8.633 14.225
conv 65 0.000 14.225
conv 45 9.008 18.658
conv 79 3.380 16.587
conv 78 -15.739 6.377
conv 66 -0.332 9.158
conv 11 -1.109 19.587
conv 19 0.031 9.158
conv 29 2.111 9.692
conv 59 -1.045 9.692
conv 56 0.664 15.938
conv 73 2.921 6.699
conv 79 -4.094 19.587
conv 73 -0.496 9.692
conv 49 -0.209 9.692
conv 79 1.365 19.587
conv 52 -2.778 6.127
linear 71 3.411 19.587

conv 23 25.111 8.474
conv 37 -8.593 11.025
conv 22 -0.054 11.263
conv 3 -6.481 15.450
conv 57 0.000 15.450
conv 3 11.071 17.048
conv 62 0.481 16.211
conv 56 -14.877 6.377
conv 70 -0.299 9.158
conv 3 44.866 19.587
conv 35 -47.205 7.756
conv 25 5.066 9.692
conv 23 -5.187 19.587
conv 46 0.437 15.938
conv 78 -1.082 15.938
conv 9 0.974 19.587
conv 73 -0.170 9.692
conv 56 0.903 9.692
conv 70 0.964 19.587
conv 45 -2.354 6.127
linear 24 74.227 0.000

conv 45 23.457 8.758
conv 9 -7.610 10.940
conv 65 -0.079 10.656
conv 4 -6.076 14.129
conv 6 0.000 14.129
conv 58 8.162 19.491
conv 67 3.105 16.918
conv 78 -14.874 6.377
conv 35 -0.576 9.158
conv 27 -1.297 19.587
conv 29 0.382 9.158
conv 5 -0.447 19.587
conv 33 -0.555 19.587
conv 36 -0.142 15.938
conv 24 -0.319 15.938
conv 53 0.740 19.587
conv 73 0.376 9.692
conv 46 1.077 9.692
conv 50 0.190 9.158
conv 24 -2.304 6.127
linear 42 10.848 0.000

conv 7 31.037 8.674
conv 16 -11.333 10.387
conv 18 -0.240 9.550
conv 0 -6.788 13.964
conv 24 0.000 13.964
conv 24 10.479 6.400
conv 20 2.095 16.334
conv 44 -19.149 6.377
conv 30 -0.432 9.158
conv 77 -0.802 19.587
conv 53 0.174 9.158
conv 13 -0.369 19.587
conv 67 -0.912 19.587
conv 24 1.359 15.938
conv 63 -1.778 15.938
conv 17 15.644 19.587
conv 13 -14.263 9.692
conv 52 0.780 9.692
conv 76 0.895 19.587
conv 67 -2.844 6.127
linear 32 24.645 0.000

conv 47 23.365 9.646
conv 2 -7.822 10.983
conv 8 -0.169 10.556
conv 45 -5.488 14.040
conv 56 0.000 14.040
conv 40 6.111 15.669
conv 44 4.031 16.633
conv 20 2.590 6.377
conv 46 -4.408 6.377
conv 31 -2.006 6.377
conv 19 -10.665 9.158
conv 14 3.422 9.692
conv 62 1.439 6.377
conv 69 -1.880 0.000
conv 50 0.578 0.000
conv 49 -2.384 6.127
conv 18 -0.411 6.127
conv 25 0.729 9.158
conv 7 -0.743 9.692
conv 43 -2.362 11.071
linear 51 2.887 19.587

conv 46 24.748 9.035
conv 31 -8.337 11.013
conv 64 -0.220 10.510
conv 8 -6.323 12.085
conv 50 -0.105 13.975
conv 54 3.866 17.025
conv 38 6.018 16.653
conv 34 -13.731 6.377
conv 20 -0.538 9.158
conv 62 -1.256 19.587
conv 57 0.525 9.158
conv 48 -0.755 19.587
conv 31 -1.081 19.587
conv 73 1.741 15.938
conv 14 -1.547 6.127
conv 19 0.884 19.587
conv 24 0.098 9.692
conv 4 31.314 19.587
conv 1 176.798 15.938
conv 1 -202.400 19.587
linear 26 28.156 0.000

conv 44 23.401 9.312
conv 3 -8.216 10.476
conv 27 -0.112 10.668
conv 32 -6.316 14.359
conv 63 0.000 14.359
conv 79 7.294 18.838
conv 14 2.582 16.929
conv 69 -12.115 6.377
conv 17 0.727 6.377
conv 52 -2.761 11.071
conv 9 0.511 9.158
conv 29 2.713 9.692
conv 63 -1.576 9.692
conv 24 1.657 15.938
conv 35 1.595 6.699
conv 6 -3.995 19.587
conv 11 1.175 9.692
conv 38 2.076 9.692
conv 23 -2.801 19.587
conv 76 -1.967 11.071
linear 69 2.941 0.000

conv 37 25.191 9.869
conv 21 -8.787 11.417
conv 29 -0.104 10.491
conv 68 -5.464 14.355
conv 52 0.000 14.355
conv 41 6.065 16.303
conv 26 0.052 12.373
conv 23 12.165 6.377
conv 28 10.578 6.377
conv 16 -1.424 6.377
conv 17 -28.034 15.938
conv 67 -5.683 15.938
conv 4 3.848 6.377
conv 6 4.265 6.377
conv 2 -6.609 6.377
conv 2 -2.527 19.587
conv 67 0.564 9.692
conv 69 1.020 9.692
conv 50 0.294 9.158
conv 14 -1.868 6.127
linear 41 3.264 19.587

conv 73 23.972 8.985
conv 28 -8.192 10.967
conv 15 -0.157 10.399
conv 10 -6.134 14.063
conv 79 0.000 14.063
conv 6 9.050 18.796
conv 61 2.784 16.668
conv 16 -14.946 6.377
conv 75 -0.585 9.158
conv 58 -1.252 19.587
conv 12 2.921 15.938
conv 33 -3.182 19.587
conv 0 -0.730 19.587
conv 20 1.560 15.938
conv 52 -1.898 15.938
conv 40 1.036 19.587
conv 71 -0.006 9.692
conv 33 5.108 15.938
conv 58 -4.189 19.587
conv 77 -0.805 6.699
linear 61 2.454 19.587

conv 50 22.570 9.750
conv 19 -8.262 10.871
conv 73 -0.064 10.714
conv 21 -5.679 14.394
conv 12 0.000 14.394
conv 69 6.288 18.973
conv 34 1.960 16.430
conv 38 -10.466 6.377
conv 61 0.082 7.594
conv 72 -2.465 19.587
conv 20 1.404 9.158
conv 72 -1.545 19.587
conv 62 -0.719 19.587
conv 38 2.272 15.938
conv 10 -2.302 15.938
conv 10 0.660 19.587
conv 70 0.124 9.692
conv 29 1.212 9.692
conv 12 0.469 19.587
conv 11 -1.868 6.127
linear 1 3.142 19.587

conv 71 25.319 8.985
conv 69 -8.866 10.956
conv 7 -0.138 10.399
conv 2 -6.540 14.052
conv 48 0.077 14.021
conv 3 9.626 17.029
conv 34 0.671 16.714
conv 4 6.770 6.377
conv 14 -10.042 9.158
conv 61 -0.843 6.377
conv 18 -10.486 11.071
conv 56 -1.631 6.377
conv 6 2.025 19.587
conv 19 -0.065 11.071
conv 48 -1.655 6.377
conv 37 7.724 19.587
conv 28 -9.072 15.938
conv 21 2.836 9.692
conv 42 0.199 19.587
conv 48 -2.278 6.127
linear 31 3.169 19.587

conv 52 25.666 9.354
conv 70 -8.398 11.113
conv 63 -0.132 10.283
conv 24 -7.612 13.779
conv 16 0.000 13.779
conv 12 9.853 18.942
conv 66 1.939 16.530
conv 68 -15.099 6.377
conv 74 -0.232 9.158
conv 29 -1.234 19.587
conv 50 0.328 9.158
conv 30 -0.657 19.587
conv 55 -1.065 19.587
conv 77 1.210 15.938
conv 4 18.011 15.938
conv 41 -12.469 0.000
conv 63 -2.097 15.938
conv 47 -3.081 9.692
conv 10 124.234 9.158
conv 73 -125.851 6.127
linear 10 3.502 19.587

conv 75 23.677 8.970
conv 41 -8.389 10.929
conv 51 -0.075 10.479
conv 27 -5.529 14.025
conv 51 0.000 14.025
conv 54 1.781 17.041
conv 75 6.782 16.722
conv 47 -11.567 6.377
conv 75 -0.658 9.158
conv 24 -2.025 19.587
conv 62 0.690 9.158
conv 27 1.071 6.127
conv 52 -0.167 6.127
conv 55 0.808 19.587
conv 34 0.039 7.594
conv 24 -2.895 19.587
conv 49 0.493 9.692
conv 35 0.365 9.692
conv 68 0.766 19.587
conv 54 -1.586 11.071
linear 25 74.221 0.000

